867 V=867 E=2568
0 1 8
0 2 49
0 3 8
0 37 49
0 38 50
1 72 50
1 2 49
1 36 8
1 38 49
2 3 49
2 4 49
2 5 49
2 6 49
2 7 49
2 8 49
2 9 49
2 10 49
2 11 49
2 12 49
2 13 49
2 14 49
2 15 49
2 16 49
2 17 49
2 18 49
2 19 49
2 20 49
2 21 49
2 22 49
2 23 49
2 24 49
2 25 49
2 26 49
2 27 49
2 28 49
2 29 49
2 30 49
2 31 49
2 32 49
2 33 49
2 34 49
2 35 49
2 36 49
3 4 8
3 37 50
3 39 49
4 40 49
4 5 8
4 39 50
5 40 50
5 41 49
5 6 8
6 41 50
6 42 49
6 7 8
7 8 8
7 42 50
7 43 49
8 9 8
8 43 50
8 44 49
9 10 8
9 44 50
9 45 49
10 11 8
10 45 50
10 46 49
11 12 8
11 46 50
11 47 49
12 48 49
12 13 8
12 47 50
13 48 50
13 49 49
13 14 8
14 49 50
14 50 49
14 15 8
15 16 8
15 50 50
15 51 49
16 17 8
16 51 50
16 52 49
17 18 8
17 52 50
17 53 49
18 19 8
18 53 50
18 54 49
19 20 8
19 54 50
19 55 49
20 56 49
20 21 8
20 55 50
21 56 50
21 57 49
21 22 8
22 57 50
22 58 49
22 23 8
23 24 8
23 58 50
23 59 49
24 25 8
24 59 50
24 60 49
25 26 8
25 60 50
25 61 49
26 27 8
26 61 50
26 62 49
27 28 8
27 62 50
27 63 49
28 64 49
28 29 8
28 63 50
29 64 50
29 65 49
29 30 8
30 65 50
30 66 49
30 31 8
31 32 8
31 66 50
31 67 49
32 33 8
32 67 50
32 68 49
33 34 8
33 68 50
33 69 49
34 35 8
34 69 50
34 70 49
35 36 8
35 70 50
35 71 49
36 72 49
36 71 50
37 73 63
37 74 67
37 38 16
37 39 16
38 72 16
38 74 63
38 108 67
39 40 16
39 73 67
39 75 63
40 41 16
40 75 67
40 76 63
41 42 16
41 76 67
41 77 63
42 43 16
42 77 67
42 78 63
43 44 16
43 78 67
43 79 63
44 80 63
44 45 16
44 79 67
45 80 67
45 81 63
45 46 16
46 81 67
46 82 63
46 47 16
47 48 16
47 82 67
47 83 63
48 49 16
48 83 67
48 84 63
49 50 16
49 84 67
49 85 63
50 51 16
50 85 67
50 86 63
51 52 16
51 86 67
51 87 63
52 88 63
52 53 16
52 87 67
53 88 67
53 89 63
53 54 16
54 89 67
54 90 63
54 55 16
55 56 16
55 90 67
55 91 63
56 57 16
56 91 67
56 92 63
57 58 16
57 92 67
57 93 63
58 59 16
58 93 67
58 94 63
59 60 16
59 94 67
59 95 63
60 96 63
60 61 16
60 95 67
61 96 67
61 97 63
61 62 16
62 97 67
62 98 63
62 63 16
63 64 16
63 98 67
63 99 63
64 65 16
64 99 67
64 100 63
65 66 16
65 100 67
65 101 63
66 67 16
66 101 67
66 102 63
67 68 16
67 102 67
67 103 63
68 104 63
68 69 16
68 103 67
69 104 67
69 105 63
69 70 16
70 105 67
70 106 63
70 71 16
71 72 16
71 106 67
71 107 63
72 107 67
72 108 63
73 74 27
73 75 27
73 109 59
73 110 68
74 144 68
74 108 27
74 110 60
75 76 27
75 109 68
75 111 60
76 112 59
76 77 27
76 111 68
77 112 68
77 113 60
77 78 27
78 113 68
78 114 60
78 79 27
79 80 27
79 114 68
79 115 60
80 81 27
80 115 68
80 116 59
81 82 27
81 116 68
81 117 60
82 83 27
82 117 68
82 118 60
83 84 27
83 118 68
83 119 60
84 120 59
84 85 27
84 119 68
85 120 68
85 121 60
85 86 27
86 121 68
86 122 60
86 87 27
87 88 27
87 122 68
87 123 60
88 89 27
88 123 68
88 124 59
89 90 27
89 124 68
89 125 59
90 91 27
90 125 68
90 126 60
91 92 27
91 126 68
91 127 60
92 128 60
92 93 27
92 127 68
93 128 68
93 129 59
93 94 27
94 129 68
94 130 59
94 95 27
95 96 27
95 130 68
95 131 59
96 97 27
96 131 68
96 132 59
97 98 27
97 132 68
97 133 60
98 99 27
98 133 68
98 134 59
99 100 27
99 134 68
99 135 59
100 136 60
100 101 27
100 135 68
101 136 68
101 137 60
101 102 27
102 137 68
102 138 59
102 103 27
103 104 27
103 138 68
103 139 59
104 105 27
104 139 68
104 140 60
105 106 27
105 140 68
105 141 60
106 107 27
106 141 68
106 142 59
107 108 27
107 142 68
107 143 60
108 144 59
108 143 68
109 145 39
109 146 56
109 110 37
109 111 37
110 144 37
110 146 39
110 180 56
111 112 37
111 145 56
111 147 39
112 113 37
112 147 56
112 148 39
113 114 37
113 148 56
113 149 39
114 115 37
114 149 56
114 150 39
115 116 37
115 150 56
115 151 39
116 152 39
116 117 37
116 151 56
117 152 56
117 153 39
117 118 37
118 153 56
118 154 39
118 119 37
119 120 37
119 154 56
119 155 39
120 121 37
120 155 56
120 156 39
121 122 37
121 156 56
121 157 39
122 123 37
122 157 56
122 158 39
123 124 37
123 158 56
123 159 39
124 160 39
124 125 37
124 159 56
125 160 56
125 161 39
125 126 37
126 161 56
126 162 39
126 127 37
127 128 37
127 162 56
127 163 39
128 129 37
128 163 56
128 164 39
129 130 37
129 164 56
129 165 39
130 131 37
130 165 56
130 166 39
131 132 37
131 166 56
131 167 39
132 168 39
132 133 37
132 167 56
133 168 56
133 169 39
133 134 37
134 169 56
134 170 39
134 135 37
135 136 37
135 170 56
135 171 39
136 137 37
136 171 56
136 172 39
137 138 37
137 172 56
137 173 39
138 139 37
138 173 56
138 174 39
139 140 37
139 174 56
139 175 39
140 176 39
140 141 37
140 175 56
141 176 56
141 177 39
141 142 37
142 177 56
142 178 39
142 143 37
143 144 37
143 178 56
143 179 39
144 179 56
144 180 39
145 146 44
145 147 44
145 181 35
145 182 59
146 216 59
146 180 44
146 182 35
147 148 44
147 181 59
147 183 35
148 184 35
148 149 44
148 183 59
149 184 59
149 185 35
149 150 44
150 185 59
150 186 35
150 151 44
151 152 44
151 186 59
151 187 35
152 153 44
152 187 59
152 188 35
153 154 44
153 188 59
153 189 35
154 155 44
154 189 59
154 190 35
155 156 44
155 190 59
155 191 35
156 192 35
156 157 44
156 191 59
157 192 59
157 193 35
157 158 44
158 193 59
158 194 35
158 159 44
159 160 44
159 194 59
159 195 35
160 161 44
160 195 59
160 196 35
161 162 44
161 196 59
161 197 35
162 163 44
162 197 59
162 198 35
163 164 44
163 198 59
163 199 35
164 200 35
164 165 44
164 199 59
165 200 59
165 201 35
165 166 44
166 201 59
166 202 35
166 167 44
167 168 44
167 202 59
167 203 35
168 169 44
168 203 59
168 204 35
169 170 44
169 204 59
169 205 35
170 171 44
170 205 59
170 206 35
171 172 44
171 206 59
171 207 35
172 208 35
172 173 44
172 207 59
173 208 59
173 209 35
173 174 44
174 209 59
174 210 35
174 175 44
175 176 44
175 210 59
175 211 35
176 177 44
176 211 59
176 212 35
177 178 44
177 212 59
177 213 35
178 179 44
178 213 59
178 214 35
179 180 44
179 214 59
179 215 35
180 216 35
180 215 59
181 217 101
181 218 116
181 182 50
181 183 50
182 216 50
182 218 101
182 252 116
183 184 50
183 217 116
183 219 101
184 185 50
184 219 116
184 220 101
185 186 50
185 220 116
185 221 101
186 187 50
186 221 116
186 222 101
187 188 50
187 222 116
187 223 101
188 224 101
188 189 50
188 223 116
189 224 116
189 225 101
189 190 50
190 225 116
190 226 101
190 191 50
191 192 50
191 226 116
191 227 101
192 193 50
192 227 116
192 228 101
193 194 50
193 228 116
193 229 101
194 195 50
194 229 116
194 230 101
195 196 50
195 230 116
195 231 101
196 232 101
196 197 50
196 231 116
197 232 116
197 233 101
197 198 50
198 233 116
198 234 101
198 199 50
199 200 50
199 234 116
199 235 101
200 201 50
200 235 116
200 236 101
201 202 50
201 236 116
201 237 101
202 203 50
202 237 116
202 238 101
203 204 50
203 238 116
203 239 101
204 240 101
204 205 50
204 239 116
205 240 116
205 241 101
205 206 50
206 241 116
206 242 101
206 207 50
207 208 50
207 242 116
207 243 101
208 209 50
208 243 116
208 244 101
209 210 50
209 244 116
209 245 101
210 211 50
210 245 116
210 246 101
211 212 50
211 246 116
211 247 101
212 248 101
212 213 50
212 247 116
213 248 116
213 249 101
213 214 50
214 249 116
214 250 101
214 215 50
215 216 50
215 250 116
215 251 101
216 251 116
216 252 101
217 218 62
217 219 62
217 253 95
217 254 117
218 288 117
218 252 62
218 254 95
219 220 62
219 253 117
219 255 95
220 256 95
220 221 62
220 255 117
221 256 117
221 257 95
221 222 62
222 257 117
222 258 95
222 223 62
223 224 62
223 258 117
223 259 95
224 225 62
224 259 117
224 260 95
225 226 62
225 260 117
225 261 95
226 227 62
226 261 117
226 262 95
227 228 62
227 262 117
227 263 95
228 264 95
228 229 62
228 263 117
229 264 117
229 265 95
229 230 62
230 265 117
230 266 95
230 231 62
231 232 62
231 266 117
231 267 95
232 233 62
232 267 117
232 268 95
233 234 62
233 268 117
233 269 95
234 235 62
234 269 117
234 270 95
235 236 62
235 270 117
235 271 95
236 272 95
236 237 62
236 271 117
237 272 117
237 273 95
237 238 62
238 273 117
238 274 95
238 239 62
239 240 62
239 274 117
239 275 95
240 241 62
240 275 117
240 276 95
241 242 62
241 276 117
241 277 95
242 243 62
242 277 117
242 278 95
243 244 62
243 278 117
243 279 95
244 280 95
244 245 62
244 279 117
245 280 117
245 281 95
245 246 62
246 281 117
246 282 95
246 247 62
247 248 62
247 282 117
247 283 95
248 249 62
248 283 117
248 284 95
249 250 62
249 284 117
249 285 95
250 251 62
250 285 117
250 286 95
251 252 62
251 286 117
251 287 95
252 288 95
252 287 117
253 289 111
253 290 136
253 254 73
253 255 73
254 288 73
254 290 111
254 324 136
255 256 73
255 289 136
255 291 111
256 257 73
256 291 136
256 292 111
257 258 73
257 292 136
257 293 111
258 259 73
258 293 136
258 294 111
259 260 73
259 294 136
259 295 111
260 296 111
260 261 73
260 295 136
261 296 136
261 297 111
261 262 73
262 297 136
262 298 111
262 263 73
263 264 73
263 298 136
263 299 111
264 265 73
264 299 136
264 300 111
265 266 73
265 300 136
265 301 111
266 267 73
266 301 136
266 302 111
267 268 73
267 302 136
267 303 111
268 304 111
268 269 73
268 303 136
269 304 136
269 305 111
269 270 73
270 305 136
270 306 111
270 271 73
271 272 73
271 306 136
271 307 111
272 273 73
272 307 136
272 308 111
273 274 73
273 308 136
273 309 111
274 275 73
274 309 136
274 310 111
275 276 73
275 310 136
275 311 111
276 312 111
276 277 73
276 311 136
277 312 136
277 313 111
277 278 73
278 313 136
278 314 111
278 279 73
279 280 73
279 314 136
279 315 111
280 281 73
280 315 136
280 316 111
281 282 73
281 316 136
281 317 111
282 283 73
282 317 136
282 318 111
283 284 73
283 318 136
283 319 111
284 320 111
284 285 73
284 319 136
285 320 136
285 321 111
285 286 73
286 321 136
286 322 111
286 287 73
287 288 73
287 322 136
287 323 111
288 323 136
288 324 111
289 290 83
289 291 83
289 325 98
289 326 130
290 360 130
290 324 83
290 326 98
291 292 83
291 325 130
291 327 98
292 328 98
292 293 83
292 327 130
293 328 130
293 329 98
293 294 83
294 329 130
294 330 98
294 295 83
295 296 83
295 330 130
295 331 98
296 297 83
296 331 130
296 332 98
297 298 83
297 332 130
297 333 98
298 299 83
298 333 130
298 334 98
299 300 83
299 334 130
299 335 98
300 336 98
300 301 83
300 335 130
301 336 130
301 337 98
301 302 83
302 337 130
302 338 98
302 303 83
303 304 83
303 338 130
303 339 98
304 305 83
304 339 130
304 340 98
305 306 83
305 340 130
305 341 98
306 307 83
306 341 130
306 342 98
307 308 83
307 342 130
307 343 98
308 344 98
308 309 83
308 343 130
309 344 130
309 345 98
309 310 83
310 345 130
310 346 98
310 311 83
311 312 83
311 346 130
311 347 98
312 313 83
312 347 130
312 348 98
313 314 83
313 348 130
313 349 98
314 315 83
314 349 130
314 350 98
315 316 83
315 350 130
315 351 98
316 352 98
316 317 83
316 351 130
317 352 130
317 353 98
317 318 83
318 353 130
318 354 98
318 319 83
319 320 83
319 354 130
319 355 98
320 321 83
320 355 130
320 356 98
321 322 83
321 356 130
321 357 98
322 323 83
322 357 130
322 358 98
323 324 83
323 358 130
323 359 98
324 360 98
324 359 130
325 361 97
325 362 132
325 326 87
325 327 87
326 360 87
326 362 97
326 396 132
327 328 87
327 361 132
327 363 97
328 329 87
328 363 132
328 364 97
329 330 87
329 364 132
329 365 97
330 331 87
330 365 132
330 366 97
331 332 87
331 366 132
331 367 97
332 368 97
332 333 87
332 367 132
333 368 132
333 369 97
333 334 87
334 369 132
334 370 97
334 335 87
335 336 87
335 370 132
335 371 97
336 337 87
336 371 132
336 372 97
337 338 87
337 372 132
337 373 97
338 339 87
338 373 132
338 374 97
339 340 87
339 374 132
339 375 97
340 376 97
340 341 87
340 375 132
341 376 132
341 377 97
341 342 87
342 377 132
342 378 97
342 343 87
343 344 87
343 378 132
343 379 97
344 345 87
344 379 132
344 380 97
345 346 87
345 380 132
345 381 97
346 347 87
346 381 132
346 382 97
347 348 87
347 382 132
347 383 97
348 384 97
348 349 87
348 383 132
349 384 132
349 385 97
349 350 87
350 385 132
350 386 97
350 351 87
351 352 87
351 386 132
351 387 97
352 353 87
352 387 132
352 388 97
353 354 87
353 388 132
353 389 97
354 355 87
354 389 132
354 390 97
355 356 87
355 390 132
355 391 97
356 392 97
356 357 87
356 391 132
357 392 132
357 393 97
357 358 87
358 393 132
358 394 97
358 359 87
359 360 87
359 394 132
359 395 97
360 395 132
360 396 97
361 362 90
361 363 90
361 397 91
361 398 128
362 432 128
362 396 90
362 398 91
363 364 90
363 397 128
363 399 91
364 400 91
364 365 90
364 399 128
365 400 128
365 401 91
365 366 90
366 401 128
366 402 91
366 367 90
367 368 90
367 402 128
367 403 91
368 369 90
368 403 128
368 404 91
369 370 90
369 404 128
369 405 91
370 371 90
370 405 128
370 406 91
371 372 90
371 406 128
371 407 91
372 408 91
372 373 90
372 407 128
373 408 128
373 409 91
373 374 90
374 409 128
374 410 91
374 375 90
375 376 90
375 410 128
375 411 91
376 377 90
376 411 128
376 412 91
377 378 90
377 412 128
377 413 91
378 379 90
378 413 128
378 414 91
379 380 90
379 414 128
379 415 91
380 416 91
380 381 90
380 415 128
381 416 128
381 417 91
381 382 90
382 417 128
382 418 91
382 383 90
383 384 90
383 418 128
383 419 91
384 385 90
384 419 128
384 420 91
385 386 90
385 420 128
385 421 91
386 387 90
386 421 128
386 422 91
387 388 90
387 422 128
387 423 91
388 424 91
388 389 90
388 423 128
389 424 128
389 425 91
389 390 90
390 425 128
390 426 91
390 391 90
391 392 90
391 426 128
391 427 91
392 393 90
392 427 128
392 428 91
393 394 90
393 428 128
393 429 91
394 395 90
394 429 128
394 430 91
395 396 90
395 430 128
395 431 91
396 432 91
396 431 128
397 433 67
397 434 112
397 398 90
397 399 90
398 432 90
398 434 67
398 468 112
399 400 90
399 433 112
399 435 67
400 401 90
400 435 112
400 436 67
401 402 90
401 436 112
401 437 67
402 403 90
402 437 112
402 438 67
403 404 90
403 438 112
403 439 67
404 440 67
404 405 90
404 439 112
405 440 112
405 441 67
405 406 90
406 441 112
406 442 67
406 407 90
407 408 90
407 442 112
407 443 67
408 409 90
408 443 112
408 444 67
409 410 90
409 444 112
409 445 67
410 411 90
410 445 112
410 446 67
411 412 90
411 446 112
411 447 67
412 448 67
412 413 90
412 447 112
413 448 112
413 449 67
413 414 90
414 449 112
414 450 67
414 415 90
415 416 90
415 450 112
415 451 67
416 417 90
416 451 112
416 452 67
417 418 90
417 452 112
417 453 67
418 419 90
418 453 112
418 454 67
419 420 90
419 454 112
419 455 67
420 456 67
420 421 90
420 455 112
421 456 112
421 457 67
421 422 90
422 457 112
422 458 67
422 423 90
423 424 90
423 458 112
423 459 67
424 425 90
424 459 112
424 460 67
425 426 90
425 460 112
425 461 67
426 427 90
426 461 112
426 462 67
427 428 90
427 462 112
427 463 67
428 464 67
428 429 90
428 463 112
429 464 112
429 465 67
429 430 90
430 465 112
430 466 67
430 431 90
431 432 90
431 466 112
431 467 67
432 467 112
432 468 67
433 434 88
433 435 88
433 469 77
433 470 115
434 504 115
434 468 88
434 470 77
435 436 88
435 469 115
435 471 77
436 472 77
436 437 88
436 471 115
437 472 115
437 473 77
437 438 88
438 473 115
438 474 77
438 439 88
439 440 88
439 474 115
439 475 77
440 441 88
440 475 115
440 476 77
441 442 88
441 476 115
441 477 77
442 443 88
442 477 115
442 478 77
443 444 88
443 478 115
443 479 77
444 480 77
444 445 88
444 479 115
445 480 115
445 481 77
445 446 88
446 481 115
446 482 77
446 447 88
447 448 88
447 482 115
447 483 77
448 449 88
448 483 115
448 484 77
449 450 88
449 484 115
449 485 77
450 451 88
450 485 115
450 486 77
451 452 88
451 486 115
451 487 77
452 488 77
452 453 88
452 487 115
453 488 115
453 489 77
453 454 88
454 489 115
454 490 77
454 455 88
455 456 88
455 490 115
455 491 77
456 457 88
456 491 115
456 492 77
457 458 88
457 492 115
457 493 77
458 459 88
458 493 115
458 494 77
459 460 88
459 494 115
459 495 77
460 496 77
460 461 88
460 495 115
461 496 115
461 497 77
461 462 88
462 497 115
462 498 77
462 463 88
463 464 88
463 498 115
463 499 77
464 465 88
464 499 115
464 500 77
465 466 88
465 500 115
465 501 77
466 467 88
466 501 115
466 502 77
467 468 88
467 502 115
467 503 77
468 504 77
468 503 115
469 505 57
469 506 98
469 470 82
469 471 82
470 504 82
470 506 57
470 540 98
471 472 82
471 505 98
471 507 57
472 473 82
472 507 98
472 508 57
473 474 82
473 508 98
473 509 57
474 475 82
474 509 98
474 510 57
475 476 82
475 510 98
475 511 57
476 512 57
476 477 82
476 511 98
477 512 98
477 513 57
477 478 82
478 513 98
478 514 57
478 479 82
479 480 82
479 514 98
479 515 57
480 481 82
480 515 98
480 516 57
481 482 82
481 516 98
481 517 57
482 483 82
482 517 98
482 518 57
483 484 82
483 518 98
483 519 57
484 520 57
484 485 82
484 519 98
485 520 98
485 521 57
485 486 82
486 521 98
486 522 57
486 487 82
487 488 82
487 522 98
487 523 57
488 489 82
488 523 98
488 524 57
489 490 82
489 524 98
489 525 57
490 491 82
490 525 98
490 526 57
491 492 82
491 526 98
491 527 57
492 528 57
492 493 82
492 527 98
493 528 98
493 529 57
493 494 82
494 529 98
494 530 57
494 495 82
495 496 82
495 530 98
495 531 57
496 497 82
496 531 98
496 532 57
497 498 82
497 532 98
497 533 57
498 499 82
498 533 98
498 534 57
499 500 82
499 534 98
499 535 57
500 536 57
500 501 82
500 535 98
501 536 98
501 537 57
501 502 82
502 537 98
502 538 57
502 503 82
503 504 82
503 538 98
503 539 57
504 539 98
504 540 57
505 506 76
505 507 76
505 541 53
505 542 89
506 576 89
506 540 76
506 542 53
507 508 76
507 541 89
507 543 53
508 544 53
508 509 76
508 543 89
509 544 89
509 545 53
509 510 76
510 545 89
510 546 53
510 511 76
511 512 76
511 546 89
511 547 53
512 513 76
512 547 89
512 548 53
513 514 76
513 548 89
513 549 53
514 515 76
514 549 89
514 550 53
515 516 76
515 550 89
515 551 53
516 552 53
516 517 76
516 551 89
517 552 89
517 553 53
517 518 76
518 553 89
518 554 53
518 519 76
519 520 76
519 554 89
519 555 53
520 521 76
520 555 89
520 556 53
521 522 76
521 556 89
521 557 53
522 523 76
522 557 89
522 558 53
523 524 76
523 558 89
523 559 53
524 560 53
524 525 76
524 559 89
525 560 89
525 561 53
525 526 76
526 561 89
526 562 53
526 527 76
527 528 76
527 562 89
527 563 53
528 529 76
528 563 89
528 564 53
529 530 76
529 564 89
529 565 53
530 531 76
530 565 89
530 566 53
531 532 76
531 566 89
531 567 53
532 568 53
532 533 76
532 567 89
533 568 89
533 569 53
533 534 76
534 569 89
534 570 53
534 535 76
535 536 76
535 570 89
535 571 53
536 537 76
536 571 89
536 572 53
537 538 76
537 572 89
537 573 53
538 539 76
538 573 89
538 574 53
539 540 76
539 574 89
539 575 53
540 576 53
540 575 89
541 577 54
541 578 83
541 542 67
541 543 67
542 576 67
542 578 54
542 612 83
543 544 67
543 577 83
543 579 54
544 545 67
544 579 83
544 580 54
545 546 67
545 580 83
545 581 54
546 547 67
546 581 83
546 582 54
547 548 67
547 582 83
547 583 54
548 584 54
548 549 67
548 583 83
549 584 83
549 585 54
549 550 67
550 585 83
550 586 54
550 551 67
551 552 67
551 586 83
551 587 54
552 553 67
552 587 83
552 588 54
553 554 67
553 588 83
553 589 54
554 555 67
554 589 83
554 590 54
555 556 67
555 590 83
555 591 54
556 592 54
556 557 67
556 591 83
557 592 83
557 593 54
557 558 67
558 593 83
558 594 54
558 559 67
559 560 67
559 594 83
559 595 54
560 561 67
560 595 83
560 596 54
561 562 67
561 596 83
561 597 54
562 563 67
562 597 83
562 598 54
563 564 67
563 598 83
563 599 54
564 600 54
564 565 67
564 599 83
565 600 83
565 601 54
565 566 67
566 601 83
566 602 54
566 567 67
567 568 67
567 602 83
567 603 54
568 569 67
568 603 83
568 604 54
569 570 67
569 604 83
569 605 54
570 571 67
570 605 83
570 606 54
571 572 67
571 606 83
571 607 54
572 608 54
572 573 67
572 607 83
573 608 83
573 609 54
573 574 67
574 609 83
574 610 54
574 575 67
575 576 67
575 610 83
575 611 54
576 611 83
576 612 54
577 578 58
577 579 58
577 613 60
577 614 80
578 648 80
578 612 58
578 614 60
579 580 58
579 613 80
579 615 60
580 616 60
580 581 58
580 615 80
581 616 80
581 617 60
581 582 58
582 617 80
582 618 60
582 583 58
583 584 58
583 618 80
583 619 60
584 585 58
584 619 80
584 620 60
585 586 58
585 620 80
585 621 60
586 587 58
586 621 80
586 622 60
587 588 58
587 622 80
587 623 60
588 624 60
588 589 58
588 623 80
589 624 80
589 625 60
589 590 58
590 625 80
590 626 60
590 591 58
591 592 58
591 626 80
591 627 60
592 593 58
592 627 80
592 628 60
593 594 58
593 628 80
593 629 60
594 595 58
594 629 80
594 630 60
595 596 58
595 630 80
595 631 60
596 632 60
596 597 58
596 631 80
597 632 80
597 633 60
597 598 58
598 633 80
598 634 60
598 599 58
599 600 58
599 634 80
599 635 60
600 601 58
600 635 80
600 636 60
601 602 58
601 636 80
601 637 60
602 603 58
602 637 80
602 638 60
603 604 58
603 638 80
603 639 60
604 640 60
604 605 58
604 639 80
605 640 80
605 641 60
605 606 58
606 641 80
606 642 60
606 607 58
607 608 58
607 642 80
607 643 60
608 609 58
608 643 80
608 644 60
609 610 58
609 644 80
609 645 60
610 611 58
610 645 80
610 646 60
611 612 58
611 646 80
611 647 60
612 648 60
612 647 80
613 649 60
613 650 73
613 614 48
613 615 48
614 648 48
614 650 60
614 684 73
615 616 48
615 649 73
615 651 60
616 617 48
616 651 73
616 652 60
617 618 48
617 652 73
617 653 60
618 619 48
618 653 73
618 654 60
619 620 48
619 654 73
619 655 60
620 656 60
620 621 48
620 655 73
621 656 73
621 657 60
621 622 48
622 657 73
622 658 60
622 623 48
623 624 48
623 658 73
623 659 60
624 625 48
624 659 73
624 660 60
625 626 48
625 660 73
625 661 60
626 627 48
626 661 73
626 662 60
627 628 48
627 662 73
627 663 60
628 664 60
628 629 48
628 663 73
629 664 73
629 665 60
629 630 48
630 665 73
630 666 60
630 631 48
631 632 48
631 666 73
631 667 60
632 633 48
632 667 73
632 668 60
633 634 48
633 668 73
633 669 60
634 635 48
634 669 73
634 670 60
635 636 48
635 670 73
635 671 60
636 672 60
636 637 48
636 671 73
637 672 73
637 673 60
637 638 48
638 673 73
638 674 60
638 639 48
639 640 48
639 674 73
639 675 60
640 641 48
640 675 73
640 676 60
641 642 48
641 676 73
641 677 60
642 643 48
642 677 73
642 678 60
643 644 48
643 678 73
643 679 60
644 680 60
644 645 48
644 679 73
645 680 73
645 681 60
645 646 48
646 681 73
646 682 60
646 647 48
647 648 48
647 682 73
647 683 60
648 683 73
648 684 60
649 650 37
649 651 37
649 685 58
649 686 66
650 720 66
650 684 37
650 686 58
651 652 37
651 685 66
651 687 58
652 688 58
652 653 37
652 687 66
653 688 66
653 689 58
653 654 37
654 689 66
654 690 58
654 655 37
655 656 37
655 690 66
655 691 58
656 657 37
656 691 66
656 692 58
657 658 37
657 692 66
657 693 58
658 659 37
658 693 66
658 694 58
659 660 37
659 694 66
659 695 58
660 696 58
660 661 37
660 695 66
661 696 66
661 697 58
661 662 37
662 697 66
662 698 58
662 663 37
663 664 37
663 698 66
663 699 58
664 665 37
664 699 66
664 700 58
665 666 37
665 700 66
665 701 58
666 667 37
666 701 66
666 702 58
667 668 37
667 702 66
667 703 58
668 704 58
668 669 37
668 703 66
669 704 66
669 705 58
669 670 37
670 705 66
670 706 58
670 671 37
671 672 37
671 706 66
671 707 58
672 673 37
672 707 66
672 708 58
673 674 37
673 708 66
673 709 58
674 675 37
674 709 66
674 710 58
675 676 37
675 710 66
675 711 58
676 712 58
676 677 37
676 711 66
677 712 66
677 713 58
677 678 37
678 713 66
678 714 58
678 679 37
679 680 37
679 714 66
679 715 58
680 681 37
680 715 66
680 716 58
681 682 37
681 716 66
681 717 58
682 683 37
682 717 66
682 718 58
683 684 37
683 718 66
683 719 58
684 720 58
684 719 66
685 721 54
685 722 59
685 686 27
685 687 27
686 720 27
686 722 54
686 756 59
687 688 27
687 721 59
687 723 54
688 689 27
688 723 59
688 724 54
689 690 27
689 724 59
689 725 54
690 691 27
690 725 59
690 726 54
691 692 27
691 726 59
691 727 54
692 728 54
692 693 27
692 727 59
693 728 59
693 729 54
693 694 27
694 729 59
694 730 54
694 695 27
695 696 27
695 730 59
695 731 54
696 697 27
696 731 59
696 732 54
697 698 27
697 732 59
697 733 54
698 699 27
698 733 59
698 734 54
699 700 27
699 734 59
699 735 54
700 736 54
700 701 27
700 735 59
701 736 59
701 737 54
701 702 27
702 737 59
702 738 54
702 703 27
703 704 27
703 738 59
703 739 54
704 705 27
704 739 59
704 740 54
705 706 27
705 740 59
705 741 54
706 707 27
706 741 59
706 742 54
707 708 27
707 742 59
707 743 54
708 744 54
708 709 27
708 743 59
709 744 59
709 745 54
709 710 27
710 745 59
710 746 54
710 711 27
711 712 27
711 746 59
711 747 54
712 713 27
712 747 59
712 748 54
713 714 27
713 748 59
713 749 54
714 715 27
714 749 59
714 750 54
715 716 27
715 750 59
715 751 54
716 752 54
716 717 27
716 751 59
717 752 59
717 753 54
717 718 27
718 753 59
718 754 54
718 719 27
719 720 27
719 754 59
719 755 54
720 755 59
720 756 54
721 722 18
721 723 18
721 757 55
721 758 57
722 792 57
722 756 18
722 758 55
723 724 18
723 757 57
723 759 55
724 760 55
724 725 18
724 759 57
725 760 57
725 761 55
725 726 18
726 761 57
726 762 55
726 727 18
727 728 18
727 762 57
727 763 55
728 729 18
728 763 57
728 764 55
729 730 18
729 764 57
729 765 55
730 731 18
730 765 57
730 766 55
731 732 18
731 766 57
731 767 55
732 768 55
732 733 18
732 767 57
733 768 57
733 769 55
733 734 18
734 769 57
734 770 55
734 735 18
735 736 18
735 770 57
735 771 55
736 737 18
736 771 57
736 772 55
737 738 18
737 772 57
737 773 55
738 739 18
738 773 57
738 774 55
739 740 18
739 774 57
739 775 55
740 776 55
740 741 18
740 775 57
741 776 57
741 777 55
741 742 18
742 777 57
742 778 55
742 743 18
743 744 18
743 778 57
743 779 55
744 745 18
744 779 57
744 780 55
745 746 18
745 780 57
745 781 55
746 747 18
746 781 57
746 782 55
747 748 18
747 782 57
747 783 55
748 784 55
748 749 18
748 783 57
749 784 57
749 785 55
749 750 18
750 785 57
750 786 55
750 751 18
751 752 18
751 786 57
751 787 55
752 753 18
752 787 57
752 788 55
753 754 18
753 788 57
753 789 55
754 755 18
754 789 57
754 790 55
755 756 18
755 790 57
755 791 55
756 792 55
756 791 57
757 793 60
757 758 9
757 759 9
758 792 9
758 793 60
759 760 9
759 793 60
760 761 9
760 793 60
761 793 60
761 762 9
762 793 60
762 763 9
763 793 60
763 764 9
764 793 60
764 765 9
765 793 60
765 766 9
766 793 60
766 767 9
767 768 9
767 793 60
768 769 9
768 793 60
769 793 60
769 770 9
770 793 60
770 771 9
771 793 60
771 772 9
772 793 60
772 773 9
773 793 60
773 774 9
774 793 60
774 775 9
775 776 9
775 793 60
776 777 9
776 793 60
777 793 60
777 778 9
778 793 60
778 779 9
779 793 60
779 780 9
780 793 60
780 781 9
781 793 60
781 782 9
782 793 60
782 783 9
783 784 9
783 793 60
784 785 9
784 793 60
785 793 60
785 786 9
786 793 60
786 787 9
787 793 60
787 788 9
788 793 60
788 789 9
789 793 60
789 790 9
790 793 60
790 791 9
791 792 9
791 793 60
792 793 60
794 800 4
794 795 72
794 796 72
794 797 4
795 800 72
795 801 6
795 796 6
795 798 73
795 799 73
796 864 6
796 865 73
796 797 72
796 799 73
797 864 72
797 863 4
798 801 73
798 802 10
798 866 41
798 799 10
799 865 10
799 866 41
800 801 72
800 803 4
801 802 73
801 803 72
801 804 6
802 866 41
802 804 73
802 805 10
803 804 72
803 806 4
804 805 73
804 806 72
804 807 6
805 808 10
805 866 41
805 807 73
806 809 4
806 807 72
807 808 73
807 809 72
807 810 6
808 810 73
808 811 10
808 866 41
809 810 72
809 812 4
810 811 73
810 812 72
810 813 6
811 866 41
811 813 73
811 814 10
812 813 72
812 815 4
813 816 6
813 814 73
813 815 72
814 816 73
814 817 10
814 866 41
815 816 72
815 818 4
816 817 73
816 818 72
816 819 6
817 866 41
817 819 73
817 820 10
818 819 72
818 821 4
819 820 73
819 821 72
819 822 6
820 866 41
820 822 73
820 823 10
821 824 4
821 822 72
822 824 72
822 825 6
822 823 73
823 825 73
823 826 10
823 866 41
824 825 72
824 827 4
825 826 73
825 827 72
825 828 6
826 866 41
826 828 73
826 829 10
827 828 72
827 830 4
828 829 73
828 830 72
828 831 6
829 832 10
829 866 41
829 831 73
830 833 4
830 831 72
831 832 73
831 833 72
831 834 6
832 834 73
832 835 10
832 866 41
833 834 72
833 836 4
834 835 73
834 836 72
834 837 6
835 866 41
835 837 73
835 838 10
836 837 72
836 839 4
837 840 6
837 838 73
837 839 72
838 840 73
838 841 10
838 866 41
839 840 72
839 842 4
840 841 73
840 842 72
840 843 6
841 866 41
841 843 73
841 844 10
842 843 72
842 845 4
843 844 73
843 845 72
843 846 6
844 866 41
844 846 73
844 847 10
845 848 4
845 846 72
846 848 72
846 849 6
846 847 73
847 849 73
847 850 10
847 866 41
848 849 72
848 851 4
849 850 73
849 851 72
849 852 6
850 866 41
850 852 73
850 853 10
851 852 72
851 854 4
852 853 73
852 854 72
852 855 6
853 856 10
853 866 41
853 855 73
854 857 4
854 855 72
855 856 73
855 857 72
855 858 6
856 858 73
856 859 10
856 866 41
857 858 72
857 860 4
858 859 73
858 860 72
858 861 6
859 866 41
859 861 73
859 862 10
860 861 72
860 863 4
861 864 6
861 862 73
861 863 72
862 864 73
862 865 10
862 866 41
863 864 72
864 865 73
865 866 41
