0 64 73
0 1 146
0 2 180
0 3 73
0 107 2678
0 76 2677
1 64 180
1 2 153
1 4 187
1 5 247
1 58 153
2 41 153
2 42 247
2 3 146
2 5 187
3 68 73
3 41 180
3 76 2678
3 77 2677
3 48 116
4 5 170
4 6 42
4 7 188
4 57 170
4 58 247
5 42 170
5 43 188
5 7 42
6 7 199
6 8 43
6 9 203
6 57 188
6 59 199
7 9 43
7 43 199
7 44 203
8 9 199
8 10 94
8 11 185
8 59 203
8 60 199
9 11 94
9 44 199
9 45 185
10 11 128
10 12 161
10 13 201
10 60 185
10 61 128
11 45 128
11 13 161
11 46 201
12 13 111
12 14 74
12 15 107
12 61 201
12 62 111
13 47 107
13 46 111
13 15 74
14 78 2588
14 79 2588
14 15 55
14 62 107
14 63 55
15 97 2588
15 79 2588
15 47 55
16 32 73
16 17 146
16 18 180
16 19 73
16 84 2677
16 90 2678
17 32 180
17 34 153
17 18 153
17 20 187
17 21 247
18 49 153
18 19 146
18 21 187
18 51 247
19 71 73
19 49 180
19 50 116
19 84 2678
19 85 2677
20 34 247
20 35 170
20 21 170
20 22 42
20 23 188
21 51 170
21 52 188
21 23 42
22 35 188
22 36 199
22 23 199
22 24 43
22 25 203
23 25 43
23 52 199
23 53 203
24 36 203
24 37 199
24 25 199
24 26 94
24 27 185
25 27 94
25 53 199
25 54 185
26 37 185
26 38 128
26 27 128
26 28 161
26 29 201
27 29 161
27 54 128
27 55 201
28 38 201
28 39 111
28 29 111
28 30 74
28 31 107
29 56 107
29 55 111
29 31 74
30 39 107
30 40 55
30 86 2588
30 87 2588
30 31 55
31 56 55
31 99 2588
31 87 2588
32 96 24
32 33 73
32 34 146
32 134 3404
32 135 3398
32 90 2677
32 94 2678
33 34 73
33 69 37
33 134 3422
33 133 3404
33 48 113
34 48 150
34 41 153
34 35 187
35 41 247
35 42 170
35 36 42
36 42 188
36 43 199
36 37 43
37 43 203
37 44 199
37 38 94
38 44 185
38 45 128
38 39 161
39 40 74
39 45 201
39 46 111
40 86 2588
40 91 2588
40 46 107
40 47 55
41 48 73
41 42 187
42 43 42
43 44 43
44 45 94
45 46 161
46 47 74
47 97 2588
47 91 2588
48 68 73
48 69 75
48 70 37
48 122 3297
48 123 3299
49 66 118
49 50 73
49 51 187
49 57 247
49 58 153
50 66 75
50 67 37
50 71 73
50 142 3404
50 143 3395
51 57 170
51 59 188
51 52 42
52 59 199
52 60 203
52 53 43
53 60 199
53 61 185
53 54 94
54 61 128
54 62 201
54 55 161
55 56 74
55 62 111
55 63 107
56 98 2588
56 99 2588
56 63 55
57 58 187
57 59 42
58 64 146
58 65 73
58 66 91
59 60 43
60 61 94
61 62 161
62 63 74
63 98 2588
63 78 2588
64 65 73
64 130 3297
64 131 3298
64 102 2678
64 106 24
64 107 2677
65 129 3297
65 66 37
65 130 3322
66 128 3297
66 129 3296
66 67 37
66 106 70
66 145 3335
66 146 3360
67 105 70
67 140 3425
67 143 3404
67 144 3335
67 145 3329
68 77 2678
68 121 3297
68 122 3274
68 94 2677
68 95 24
69 96 70
69 132 3404
69 133 3414
69 70 37
69 136 3358
69 139 3335
70 138 3335
70 139 3341
70 120 3321
70 123 3297
70 95 70
71 102 2677
71 105 24
71 141 3404
71 142 3387
71 85 2678
72 104 220
72 73 53
72 74 227
72 75 220
72 109 81
72 126 204
73 103 220
73 104 227
73 74 220
73 76 171
73 77 221
74 75 53
74 77 171
74 93 220
74 94 221
75 109 204
75 92 220
75 93 227
75 110 81
76 107 89
76 77 89
76 103 221
77 94 89
78 98 24
78 79 25
79 97 24
79 98 46
80 81 53
80 82 227
80 83 220
80 113 81
80 117 204
80 88 220
81 82 220
81 84 171
81 85 221
81 88 227
81 89 220
82 83 53
82 100 220
82 85 171
82 102 221
83 113 204
83 114 81
83 100 227
83 101 220
84 89 221
84 90 89
84 85 89
85 102 89
86 98 60
86 91 24
86 87 25
87 98 46
87 99 25
88 89 53
88 92 220
88 117 81
88 119 204
89 90 171
89 92 227
89 93 220
90 93 221
90 94 89
91 97 25
91 98 65
92 93 53
92 110 204
92 119 81
93 94 171
94 96 2677
94 95 2677
95 96 24
95 137 3335
95 138 3312
95 120 3297
95 121 3296
96 136 3335
96 137 3331
96 132 3384
96 135 3404
97 98 60
98 99 25
100 107 221
100 101 53
100 102 171
100 103 220
101 104 220
101 114 204
101 125 81
101 103 227
102 105 2677
102 106 2677
102 107 89
103 104 53
103 107 171
104 125 204
104 126 81
105 106 24
105 140 3404
105 141 3410
105 144 3314
105 147 3335
106 128 3274
106 146 3335
106 131 3297
106 147 3339
108 109 237
108 110 285
108 111 158
108 116 382
108 127 158
109 126 158
109 110 158
109 127 285
110 119 158
110 111 237
111 116 292
111 118 158
111 119 285
112 113 237
112 114 285
112 115 158
112 116 158
113 114 158
113 116 285
113 117 158
114 115 237
114 125 158
115 124 158
115 116 292
115 125 285
116 124 382
116 117 237
116 118 158
116 127 413
117 118 285
117 119 158
118 119 237
120 121 24
120 122 83
120 123 70
121 122 73
122 123 37
124 125 237
124 126 285
124 127 158
125 126 158
126 127 237
128 129 37
128 130 72
128 131 70
129 130 73
130 131 24
132 133 37
132 134 72
132 135 70
133 134 73
134 135 24
136 137 24
136 138 76
136 139 70
137 138 70
138 139 37
140 141 24
140 142 83
140 143 70
141 142 73
142 143 37
144 145 37
144 146 76
144 147 70
145 146 70
146 147 24
148 200 362
148 149 628
148 150 647
148 215 341
148 151 132
148 217 132
149 150 132
149 152 785
149 217 635
149 218 132
149 219 796
150 152 791
150 153 780
150 184 185
150 151 627
151 200 341
151 184 660
152 153 132
152 154 396
152 219 132
152 220 417
153 184 794
153 185 185
153 154 417
153 155 396
154 220 132
154 155 132
154 156 398
154 221 419
155 185 437
155 186 184
155 156 419
155 157 398
156 221 132
156 222 729
156 157 132
156 158 717
157 186 438
157 187 185
157 158 729
157 159 717
158 160 409
158 223 430
158 222 132
158 159 132
159 160 430
159 161 409
159 187 740
159 188 185
160 224 438
160 161 132
160 162 418
160 223 132
161 162 438
161 163 418
161 188 449
161 189 185
162 224 132
162 225 587
162 163 132
162 164 572
163 164 587
163 165 572
163 190 185
163 189 457
164 168 552
164 225 132
164 226 568
164 165 132
165 168 568
165 167 552
165 190 601
165 191 184
166 192 579
166 193 195
166 167 579
166 168 595
166 169 134
166 170 492
166 171 469
167 168 132
167 192 186
167 191 583
168 169 581
168 226 132
169 170 471
169 226 596
169 228 486
169 227 134
170 229 426
170 171 134
170 172 444
170 228 134
171 193 413
171 194 207
171 172 466
171 173 407
172 229 144
172 173 144
172 174 614
172 230 606
173 194 329
173 195 199
173 174 658
173 175 620
174 176 382
174 231 392
174 230 139
174 175 139
175 176 426
175 177 389
175 195 581
175 196 208
176 232 355
176 177 135
176 178 316
176 231 135
177 178 360
177 179 346
177 196 454
177 197 353
178 232 135
178 233 429
178 179 135
178 180 408
179 197 438
179 180 417
179 181 394
179 198 201
180 233 134
180 234 299
180 181 134
180 182 266
181 199 112
181 198 364
181 182 298
181 183 267
182 234 134
182 183 134
183 199 257
183 264 134
183 265 324
183 266 291
183 298 493
183 305 260
183 306 484
184 200 735
184 185 773
184 201 466
185 186 396
186 187 398
187 188 717
188 501 515
188 499 717
188 500 861
188 189 409
189 503 418
189 501 658
189 190 418
189 502 524
190 191 572
191 192 552
192 193 572
192 505 552
192 506 784
192 507 557
192 508 572
193 194 453
194 195 315
195 196 524
196 197 583
197 198 413
198 199 330
199 296 330
199 297 476
199 298 382
200 201 789
200 202 321
200 215 132
201 202 727
201 203 274
202 203 777
202 204 277
202 214 132
202 215 344
203 204 692
203 205 345
204 213 132
204 214 306
204 205 773
204 206 458
205 206 380
205 207 524
206 208 550
206 212 132
206 213 474
206 207 653
207 208 210
207 209 599
207 210 316
208 216 598
208 209 583
208 211 132
208 212 564
209 216 135
209 210 308
209 263 170
210 263 257
211 256 564
211 258 132
211 262 599
211 212 547
211 216 583
212 256 132
212 213 459
212 254 481
213 252 307
213 214 277
213 254 132
214 251 347
214 252 132
214 215 318
215 217 369
215 251 132
216 262 135
217 218 627
217 251 340
218 219 780
218 236 185
218 251 786
218 235 801
219 235 185
219 220 396
219 237 437
220 237 184
220 221 398
220 238 439
221 239 741
221 222 717
221 238 185
222 240 449
222 239 185
222 223 409
223 224 418
223 240 185
223 241 457
224 225 572
224 242 601
224 241 185
225 242 184
225 226 552
225 243 583
226 227 579
226 244 633
226 243 186
227 245 579
227 228 469
227 244 195
228 245 207
228 229 407
228 246 479
229 247 628
229 230 620
229 246 199
230 248 638
230 247 208
230 231 389
231 232 346
231 248 353
231 249 480
232 233 394
232 250 416
232 249 201
233 234 267
233 250 112
234 250 257
235 775 418
235 776 609
235 236 773
235 237 396
235 565 773
236 251 735
236 252 864
236 253 466
237 776 463
237 777 621
237 778 398
237 238 398
238 239 717
239 240 409
240 241 418
241 784 798
241 242 572
241 782 418
241 783 557
242 784 557
242 785 785
242 786 552
242 243 552
243 244 572
244 245 453
245 788 453
245 789 503
245 246 315
245 790 540
246 792 524
246 791 620
246 790 435
246 247 524
247 248 583
248 249 413
249 250 330
251 252 321
252 253 727
252 254 277
253 254 745
253 255 274
254 256 458
254 255 692
255 256 508
255 257 345
256 257 380
256 258 550
257 258 557
257 259 524
258 259 210
258 260 618
258 262 583
259 260 574
259 261 316
260 261 257
260 262 170
262 985 396
262 1018 135
262 1077 170
264 265 295
264 558 321
264 559 134
265 560 219
265 266 134
265 267 176
265 558 134
266 305 194
266 267 223
266 268 175
267 560 134
267 561 270
267 268 134
267 269 219
268 328 330
268 305 200
268 269 264
268 270 219
269 561 171
269 562 272
269 270 171
269 271 211
270 272 210
270 328 263
270 271 271
271 272 171
271 562 171
271 555 154
271 556 102
272 326 326
272 327 236
272 328 231
272 329 185
272 555 227
272 556 195
273 283 274
273 274 466
273 275 507
273 276 274
274 275 342
274 495 773
275 496 776
275 276 387
275 277 467
275 495 845
276 282 274
276 283 388
276 277 545
276 278 497
277 496 866
277 516 774
277 278 224
277 279 460
278 281 274
278 282 568
278 279 402
279 280 330
279 281 487
279 516 880
279 528 777
280 528 846
280 281 586
280 540 780
280 286 680
280 287 345
281 282 497
281 285 605
281 286 344
282 283 274
282 284 441
282 285 344
283 284 345
284 288 524
284 285 274
285 288 591
285 289 533
285 290 529
285 291 558
285 286 497
286 291 406
286 292 402
286 293 616
286 287 610
287 450 499
287 451 430
287 293 416
287 358 779
287 540 854
288 289 173
288 462 316
288 463 361
289 290 176
289 463 316
290 291 346
290 459 316
291 460 316
291 459 550
291 292 187
292 293 388
292 455 316
293 456 353
293 451 124
293 452 314
293 455 501
294 295 378
294 296 509
294 297 363
294 300 115
294 527 608
294 539 604
295 296 413
295 514 583
295 515 614
295 527 799
296 297 345
297 298 358
297 299 224
297 300 410
298 307 412
298 306 231
298 299 376
299 300 428
299 301 490
299 302 357
299 307 190
299 308 354
300 539 535
300 301 280
300 551 638
301 551 458
301 333 445
301 302 209
301 303 210
301 304 121
302 308 227
302 311 369
302 303 154
303 304 181
303 309 136
303 311 244
304 333 367
304 332 346
304 309 190
304 310 127
305 328 177
305 306 360
305 326 376
306 307 393
306 317 357
306 326 61
307 308 259
307 317 54
307 316 242
308 313 309
308 315 285
308 316 68
308 311 378
309 310 125
309 311 132
310 312 169
310 332 278
310 359 314
310 311 212
311 312 118
311 313 104
312 360 318
312 313 198
312 314 109
312 359 281
313 314 118
313 315 82
314 360 366
314 315 89
314 320 201
315 320 206
315 322 319
315 316 292
316 322 103
316 324 288
316 317 266
317 324 70
317 326 334
318 320 561
318 321 523
318 484 965
318 557 548
318 494 161
318 319 188
319 320 505
319 484 1070
319 485 1138
319 553 256
319 554 537
319 363 277
320 360 413
320 321 212
320 322 376
320 363 456
321 322 388
321 323 301
321 557 171
322 323 189
322 324 261
323 557 367
323 331 167
323 324 331
323 325 255
324 325 192
324 326 308
325 330 129
325 331 393
325 326 359
325 327 266
326 328 201
326 327 213
327 329 215
327 330 298
329 832 234
329 833 184
329 834 386
329 835 423
329 330 423
329 555 205
329 831 205
330 331 381
331 840 596
331 835 381
331 557 223
331 862 191
332 333 197
332 334 263
332 359 207
333 551 136
333 334 314
333 335 303
334 336 264
334 361 312
334 359 359
334 335 247
335 336 358
335 337 296
335 550 204
335 551 324
336 361 409
336 366 373
336 337 293
336 338 423
336 339 253
337 338 292
337 549 268
337 550 361
338 548 321
338 549 396
338 339 349
338 340 621
338 341 519
339 340 504
339 366 416
339 367 367
340 367 595
340 341 395
340 342 553
340 376 374
340 379 664
341 547 350
341 548 604
341 342 679
341 343 554
342 344 574
342 379 375
342 343 395
343 344 696
343 345 573
343 546 370
343 547 661
344 384 375
344 891 157
344 901 375
344 890 401
344 345 397
344 346 157
344 379 688
344 889 369
344 383 392
345 545 369
345 546 685
345 346 428
345 347 546
345 348 418
346 385 432
346 386 374
346 347 216
347 385 376
347 349 165
347 348 400
347 892 368
347 893 403
347 894 165
348 544 366
348 545 560
348 349 417
348 350 520
348 351 409
349 387 375
349 350 210
350 352 161
350 387 428
350 388 373
350 351 408
351 352 412
351 353 821
351 354 717
351 544 548
351 543 366
352 353 632
352 396 736
352 389 370
352 390 386
353 400 557
353 354 398
353 355 400
353 396 382
354 355 569
354 356 398
354 542 368
354 543 804
355 400 376
355 356 400
355 357 397
356 541 368
356 357 569
356 358 397
356 542 542
357 449 481
357 450 495
357 358 402
357 400 542
357 403 385
358 450 649
358 540 367
358 541 539
359 360 210
359 361 237
360 361 298
360 362 251
360 363 265
361 362 239
361 366 236
362 363 313
362 364 258
362 365 202
362 366 299
363 553 321
363 364 225
364 369 250
364 370 239
364 365 299
364 553 256
365 368 258
365 369 189
365 366 247
365 367 322
366 367 230
367 368 420
367 882 408
367 371 113
367 374 306
367 376 424
368 369 122
368 882 107
369 880 111
369 370 122
369 882 165
369 879 140
370 485 639
370 552 656
370 553 344
370 554 206
370 879 110
371 882 424
371 883 408
371 372 413
371 373 453
371 374 193
371 884 413
372 373 191
373 886 414
373 884 191
373 885 47
373 374 414
374 376 120
375 480 274
375 482 305
375 552 117
375 881 144
375 888 81
375 887 134
375 376 431
375 377 107
375 378 537
376 885 425
376 886 120
376 887 408
376 377 416
376 378 615
376 379 589
377 887 74
378 480 356
378 379 184
378 380 198
378 382 461
378 383 498
379 383 460
380 480 232
380 382 508
380 381 459
380 478 456
380 479 172
381 477 711
381 478 169
381 382 209
381 391 707
382 902 160
382 391 736
382 903 283
382 392 1132
382 904 182
382 907 771
382 910 1132
382 383 182
383 384 113
385 905 216
385 386 216
385 892 183
387 896 279
387 388 210
387 906 210
387 893 183
387 894 375
389 390 108
390 899 222
390 900 183
390 392 181
390 396 524
390 397 547
390 909 108
390 910 181
391 392 475
391 393 213
391 476 278
391 477 176
392 393 417
392 394 370
392 404 604
392 397 514
393 394 284
393 395 599
393 476 159
393 475 626
394 395 480
394 404 371
394 406 436
395 409 665
395 474 706
395 475 171
395 406 390
396 400 398
396 397 182
396 398 228
396 399 360
397 398 139
397 911 411
397 404 465
397 917 448
397 405 448
398 407 437
398 911 433
398 912 411
398 399 181
399 400 203
399 401 141
399 915 411
399 407 475
399 408 439
400 401 200
400 402 449
400 403 402
401 916 415
401 402 354
401 915 436
401 412 427
402 448 586
402 403 184
402 410 613
402 412 549
402 413 469
402 414 1027
402 447 517
403 448 543
403 449 504
404 911 196
404 913 150
404 917 126
404 405 126
404 406 160
406 913 207
406 914 148
406 918 725
406 409 418
406 410 725
407 408 181
407 915 235
407 912 150
408 915 150
409 473 290
409 410 440
409 411 211
409 474 210
410 411 445
410 413 159
410 414 495
411 472 360
411 473 184
411 414 442
411 415 289
412 920 147
412 916 150
412 413 147
414 416 631
414 417 620
414 415 351
415 416 883
415 418 136
415 472 186
416 417 234
416 418 832
416 419 163
416 424 372
416 425 445
417 425 349
418 472 268
418 419 798
418 420 226
419 424 426
419 420 820
419 421 363
419 423 395
420 472 123
420 470 995
420 421 1027
420 486 217
421 422 300
421 423 315
421 426 149
421 468 880
421 469 884
421 470 339
422 426 289
422 427 261
422 423 100
423 424 164
423 427 336
424 425 268
424 427 364
424 446 239
425 445 254
425 446 367
426 468 834
426 427 153
426 428 483
426 467 830
427 428 491
427 429 476
427 440 519
427 441 582
427 446 277
428 466 506
428 467 582
428 429 167
428 430 293
429 440 432
429 438 213
429 430 324
429 431 314
430 432 206
430 465 319
430 466 391
430 431 187
431 432 263
431 433 207
431 436 345
431 437 450
431 438 254
432 433 190
432 434 135
432 465 193
433 434 227
433 435 134
433 436 264
434 465 170
434 435 186
434 724 135
435 721 339
435 724 235
435 436 256
435 723 134
436 725 336
436 721 345
436 437 183
437 726 439
437 725 321
437 438 321
437 439 302
438 440 362
438 439 482
439 440 321
439 442 232
439 726 321
439 728 401
440 441 243
440 442 399
441 442 323
441 443 335
441 444 136
441 445 586
441 446 520
442 728 323
442 443 98
442 727 353
443 444 325
443 727 325
444 445 535
445 446 267
447 448 224
447 993 272
447 994 224
447 980 517
447 981 192
448 449 207
449 450 142
450 1024 166
450 451 166
450 996 149
450 997 131
450 998 142
450 999 78
451 452 375
452 456 139
453 456 260
453 454 189
453 455 319
454 455 257
455 456 231
457 458 346
457 459 344
457 460 257
458 459 257
459 460 346
461 464 172
461 462 257
461 463 309
462 463 172
463 464 257
465 466 182
465 724 193
466 722 391
466 467 280
466 724 350
467 720 582
467 722 601
467 468 182
468 720 692
468 469 100
468 718 834
469 711 884
469 718 853
469 470 815
469 471 242
470 486 889
470 471 778
471 749 778
471 711 937
472 473 316
472 486 172
472 487 649
473 474 189
473 487 339
474 475 659
474 487 198
475 488 216
475 476 597
475 487 710
476 488 529
476 489 327
476 477 224
477 489 252
477 478 720
478 489 896
478 490 206
478 479 432
479 480 278
479 481 220
479 490 503
479 491 227
479 492 395
480 481 165
480 482 254
481 482 304
481 483 262
481 492 316
482 552 212
482 483 181
482 485 202
483 493 176
483 492 506
483 484 269
483 485 258
484 493 206
484 485 207
484 494 973
485 552 212
485 554 601
486 487 657
487 488 593
487 843 657
487 844 732
487 845 254
487 849 592
488 849 286
488 489 773
488 851 773
488 852 810
489 490 842
490 491 550
490 851 842
490 854 1394
490 856 1240
490 857 1111
491 856 1081
491 858 912
491 492 244
492 858 935
492 859 903
492 860 1000
492 493 430
493 838 1513
493 839 1401
493 494 1094
493 860 880
493 861 1050
494 840 919
494 557 419
494 839 790
495 496 418
495 497 396
496 497 576
496 498 399
496 516 433
497 498 463
497 499 398
498 517 424
498 499 610
498 500 398
498 516 555
499 500 477
500 517 571
500 501 718
500 518 452
501 519 447
501 502 409
501 518 828
502 504 419
502 520 455
502 519 600
502 503 670
503 504 557
503 505 572
504 520 595
504 505 798
504 506 572
504 521 451
505 506 557
506 521 728
506 522 461
506 507 552
507 522 719
507 523 449
507 508 784
507 509 565
508 509 545
508 510 453
509 523 711
509 524 471
509 510 674
509 511 425
510 512 315
510 511 503
511 512 574
511 513 292
511 524 600
511 525 435
512 513 435
512 514 524
513 514 673
513 515 549
513 525 517
513 526 406
514 515 299
515 526 675
515 527 379
516 528 458
516 517 398
517 528 580
517 529 417
517 518 400
518 529 548
518 530 398
518 519 717
519 520 410
519 530 805
519 531 401
520 521 419
520 531 562
520 532 396
521 522 572
521 532 558
521 533 372
522 523 552
522 533 677
522 534 345
523 524 571
523 534 657
523 535 348
524 536 285
524 525 398
524 535 620
525 536 450
525 537 257
525 526 272
526 537 345
526 538 227
526 527 498
527 538 446
527 539 145
528 529 396
528 540 386
529 530 398
529 540 557
529 541 404
530 531 718
530 541 557
530 542 406
531 532 409
531 542 812
531 543 392
532 544 392
532 533 418
532 543 562
533 544 572
533 545 364
533 534 572
534 545 684
534 546 352
534 535 556
535 536 564
535 546 645
535 547 320
536 537 372
536 547 600
536 548 278
537 538 315
537 548 433
537 549 270
538 539 431
538 549 409
538 550 256
539 550 460
539 551 263
540 541 397
541 542 399
542 543 717
543 544 409
544 545 420
545 546 573
546 547 556
547 548 535
548 549 339
549 550 331
550 551 337
552 881 85
552 879 655
553 554 280
555 617 397
555 562 227
555 556 71
555 621 205
557 840 679
558 560 175
558 597 194
558 559 291
559 597 260
559 588 493
559 589 257
560 561 219
560 597 200
561 562 210
561 619 263
561 597 225
562 617 236
562 619 231
563 564 387
563 565 541
563 566 274
563 567 497
563 570 568
563 572 274
564 775 776
564 565 342
564 567 583
564 568 467
564 793 925
565 566 466
565 775 879
566 572 388
566 573 274
567 568 224
567 569 402
567 570 274
567 571 647
568 569 460
568 805 920
568 793 774
569 817 867
569 571 330
569 805 777
570 576 344
570 577 701
570 571 586
570 572 497
571 648 860
571 577 345
571 817 780
572 576 605
572 573 274
572 574 344
573 574 441
573 575 345
574 576 497
574 578 533
574 580 529
574 575 274
575 578 551
575 579 524
576 577 610
576 580 673
576 581 406
576 582 402
577 582 655
577 583 416
577 648 779
577 649 872
577 734 499
578 746 316
578 579 173
578 580 176
578 747 361
579 747 316
580 741 371
580 581 346
580 742 316
581 741 316
581 582 187
582 737 392
582 738 316
582 583 388
583 736 314
583 737 353
583 734 291
583 735 124
584 585 345
584 586 550
584 587 363
584 588 358
584 590 224
585 586 413
585 588 523
585 589 330
586 792 583
586 587 378
586 791 614
587 791 623
587 804 608
587 590 442
587 591 115
588 597 491
588 596 231
588 589 382
588 590 376
590 592 357
590 596 443
590 598 190
590 591 428
591 592 379
591 593 280
591 816 535
591 804 565
592 593 209
592 594 262
592 595 154
592 598 382
592 599 227
592 605 359
593 816 479
593 594 121
593 828 458
594 600 127
594 595 181
594 828 413
594 623 367
595 600 210
595 601 136
595 605 267
596 608 357
596 616 337
596 618 61
596 619 183
596 597 360
596 598 393
597 619 177
598 608 54
598 599 259
599 608 294
599 605 309
599 606 68
600 624 278
600 601 125
600 602 169
600 623 360
601 602 170
601 603 132
601 605 201
602 624 355
602 650 281
602 603 118
602 604 109
603 604 106
603 605 104
604 610 201
604 650 378
604 651 366
604 655 510
604 605 118
604 607 89
605 606 333
605 607 82
606 608 266
606 610 398
606 614 103
606 607 292
607 610 206
608 616 70
608 614 265
609 610 212
609 611 537
609 612 523
609 613 301
609 774 434
609 622 230
609 830 171
610 611 505
610 613 394
610 614 376
610 655 456
611 762 256
611 612 188
611 654 393
611 655 277
612 773 1110
612 762 242
612 765 965
612 774 161
613 622 167
613 620 291
613 614 189
613 615 255
614 616 261
614 615 307
615 616 192
615 617 266
615 620 129
615 621 445
616 617 342
616 618 308
617 618 213
617 619 293
617 621 215
618 619 201
620 833 529
620 834 493
620 621 423
620 878 260
620 622 381
621 832 234
621 833 184
621 831 205
622 864 529
622 865 596
622 866 223
622 878 191
622 830 223
623 624 197
623 625 303
623 827 395
623 828 136
624 625 398
624 626 263
624 652 354
624 650 207
625 827 204
625 626 247
625 627 296
625 826 419
626 656 435
626 652 312
626 627 415
626 628 264
627 628 293
627 631 417
627 632 292
627 825 461
627 826 268
628 656 373
628 658 466
628 631 253
629 823 662
629 824 350
629 630 395
629 631 642
629 632 519
629 633 554
630 633 681
630 634 553
630 667 374
630 631 504
631 658 367
631 662 500
631 632 349
631 665 394
631 667 587
632 824 644
632 825 321
633 634 395
633 635 573
633 822 679
633 823 370
634 674 591
634 667 701
634 635 697
634 636 574
634 669 375
635 821 554
635 822 369
635 636 397
635 637 428
635 638 418
636 936 369
636 674 392
636 675 375
636 637 157
637 676 374
637 935 370
637 936 402
637 638 475
637 639 216
638 640 417
638 641 409
638 820 550
638 821 366
638 639 400
639 640 165
639 676 433
639 677 376
640 641 492
640 642 210
640 678 429
640 679 375
641 642 408
641 643 412
641 644 717
641 819 806
641 820 366
642 643 161
642 942 370
642 678 373
643 644 748
643 645 632
643 680 385
643 681 370
643 941 375
643 942 408
644 818 543
644 819 368
644 645 398
644 646 398
645 680 643
645 687 382
645 646 560
645 647 400
646 648 397
646 817 543
646 818 368
646 647 400
647 648 561
647 649 397
647 687 544
647 690 376
647 693 561
648 649 402
648 817 367
649 733 481
649 731 644
649 693 385
649 734 495
650 651 210
650 652 237
650 653 360
651 653 251
651 654 389
651 655 265
652 656 236
652 657 350
652 653 239
653 657 202
653 660 329
653 654 258
654 655 225
654 660 250
654 661 239
654 762 256
654 763 347
656 657 247
656 658 230
656 659 470
657 659 258
657 660 189
658 934 420
658 659 420
658 665 113
658 925 408
658 926 113
658 927 424
659 660 122
660 922 111
660 661 122
660 934 122
661 923 110
661 922 191
661 763 206
661 924 670
661 829 656
662 664 459
662 665 193
662 667 120
662 663 414
663 928 191
663 929 47
663 930 414
663 664 191
663 927 196
664 665 413
666 931 74
666 932 130
666 933 107
666 667 416
666 668 107
667 930 120
667 931 408
667 668 431
667 669 589
668 673 485
668 669 640
668 759 274
668 829 117
668 670 537
669 674 460
669 670 184
669 671 494
670 672 499
670 673 198
670 671 461
671 672 209
671 674 182
671 682 1132
671 944 1143
671 946 160
672 673 459
672 682 1153
672 683 707
672 756 496
672 757 169
673 756 172
673 758 285
673 759 232
674 945 183
674 946 220
674 675 113
675 936 183
675 945 215
676 677 215
676 935 183
677 939 183
677 940 376
677 935 283
678 938 279
678 942 183
678 679 210
679 937 375
679 938 183
680 681 108
680 682 181
680 941 213
680 943 183
680 687 524
681 941 183
682 683 475
682 684 417
682 685 370
682 687 553
682 688 514
682 944 155
682 943 280
683 755 176
683 684 213
683 757 757
684 754 159
684 755 273
684 685 284
684 686 599
685 696 371
685 686 480
685 688 601
686 753 171
686 754 615
686 696 504
686 697 390
686 700 1064
686 701 665
687 688 182
687 689 228
687 690 398
688 696 465
688 689 139
688 695 448
689 690 328
689 691 181
689 947 411
689 949 139
689 698 473
689 699 437
690 691 203
690 692 200
690 693 402
691 698 439
691 692 141
692 704 427
692 693 395
692 694 354
692 952 141
692 953 415
692 703 452
693 731 543
693 732 547
693 694 184
694 705 1027
694 1027 1027
694 1040 274
694 1042 517
694 732 517
694 703 469
695 696 126
695 948 150
695 949 448
695 951 196
696 697 160
696 950 234
696 951 150
697 956 725
697 955 734
697 700 725
697 950 148
698 952 439
698 954 150
698 699 181
698 947 235
699 947 150
700 705 495
700 706 642
700 701 440
700 702 445
700 703 159
701 752 210
701 753 671
701 702 211
702 752 271
702 706 289
702 751 184
703 704 147
703 705 641
704 953 150
704 957 210
704 958 147
705 706 351
705 707 620
706 707 934
706 708 883
706 709 872
706 710 136
706 712 215
706 750 186
706 751 350
707 716 349
707 708 234
707 715 432
708 713 407
708 715 372
708 709 163
709 713 395
709 710 798
709 711 363
710 712 226
710 711 1071
711 712 1027
711 713 315
711 714 300
711 717 268
711 718 149
711 749 339
711 766 991
712 750 123
712 766 217
713 714 100
713 715 164
714 729 346
714 715 231
714 717 261
715 729 239
715 730 360
715 716 268
716 730 254
717 718 153
717 719 476
717 725 625
717 726 519
717 729 277
718 720 483
718 719 520
719 720 167
719 721 314
719 725 213
720 721 376
720 722 293
721 722 187
721 723 207
721 725 254
722 723 295
722 724 206
723 724 190
725 726 362
726 728 243
726 729 580
727 728 136
727 729 536
727 730 535
728 729 520
729 730 267
731 732 224
731 733 207
733 1056 148
733 1058 100
733 1054 229
733 1053 207
733 734 142
734 1056 78
734 1080 166
734 735 166
735 736 375
736 737 139
737 738 231
737 739 346
737 740 260
738 739 257
739 740 189
741 744 257
741 742 346
741 743 503
742 743 257
743 744 346
745 746 257
745 747 309
745 748 172
746 747 172
747 748 257
749 766 889
750 766 172
750 751 316
751 752 189
751 766 363
751 767 339
752 768 604
752 753 659
752 767 198
753 768 216
753 769 893
753 754 597
754 769 327
754 755 224
755 769 252
755 771 718
755 757 720
756 770 227
756 757 432
756 758 220
757 770 563
757 771 206
758 770 308
758 772 316
758 773 307
758 759 165
758 760 262
759 760 317
759 761 254
759 829 283
760 761 181
760 773 176
760 765 269
761 829 212
761 764 202
761 765 343
762 763 280
762 764 881
762 765 821
763 764 601
763 829 684
764 829 212
764 765 207
765 773 206
766 767 657
767 768 593
767 869 657
767 871 254
768 769 773
768 873 286
768 871 681
769 857 1389
769 873 858
769 874 310
769 771 842
770 876 912
770 771 550
770 772 244
770 877 944
771 857 1111
771 876 1090
772 877 903
772 773 430
773 867 880
773 877 979
773 774 1094
774 866 419
774 867 1346
774 830 419
774 863 790
775 776 399
775 793 433
775 794 614
776 777 398
776 794 424
776 795 613
777 795 452
777 778 477
777 779 718
777 796 865
778 779 883
778 780 717
779 796 447
779 797 618
779 780 515
779 781 409
780 781 665
780 782 409
781 798 639
781 797 455
781 782 524
781 783 419
782 783 696
783 784 572
783 798 451
783 799 734
784 800 712
784 785 552
784 799 461
785 800 449
785 801 748
785 786 557
785 787 565
786 787 800
786 788 572
787 801 471
787 802 624
787 788 545
787 789 425
788 789 692
789 802 435
789 803 495
789 790 292
790 803 406
790 804 630
790 791 549
791 792 299
791 804 379
793 794 398
793 805 458
793 806 600
794 795 400
794 806 416
794 807 592
795 808 837
795 796 717
795 807 398
796 808 401
796 809 580
796 797 410
797 809 396
797 810 578
797 798 419
798 810 372
798 811 673
798 799 572
799 800 552
799 811 345
799 812 648
800 801 571
800 812 348
800 813 675
801 802 398
801 813 285
801 814 491
802 803 272
802 814 257
802 815 410
803 816 546
803 804 498
803 815 227
804 816 145
805 817 386
805 818 562
805 806 396
806 818 404
806 819 580
806 807 398
807 808 718
807 819 406
807 820 829
808 809 409
808 820 392
808 821 572
809 810 418
809 821 392
809 822 555
810 811 572
810 822 364
810 823 666
811 824 654
811 812 556
811 823 352
812 824 320
812 825 646
812 813 564
813 825 278
813 826 464
813 814 372
814 826 270
814 827 423
814 815 315
815 816 431
815 827 256
815 828 462
816 828 263
817 818 397
818 819 399
819 820 717
820 821 409
821 822 420
822 823 573
823 824 556
824 825 535
825 826 339
826 827 331
827 828 337
829 932 147
829 924 85
829 933 117
831 832 71
832 833 222
833 834 279
834 864 286
834 835 493
834 837 213
834 878 584
835 837 558
835 862 260
836 837 194
836 838 654
836 839 626
836 840 255
836 862 360
837 864 194
837 862 552
837 838 634
837 863 656
838 867 1103
838 861 1091
838 863 169
838 839 169
839 840 477
840 862 461
841 870 778
841 842 778
841 843 1264
841 844 1082
841 848 880
842 843 889
843 844 277
844 848 630
844 845 659
844 846 557
844 847 841
845 849 563
845 846 195
846 849 758
846 850 996
846 847 656
847 871 727
847 872 656
847 873 1071
847 848 557
847 850 750
848 872 860
848 868 630
848 869 907
848 870 1174
849 850 765
849 852 786
849 853 673
850 873 765
850 853 1033
850 855 673
851 852 310
851 854 1111
852 853 238
852 854 800
853 854 819
853 855 784
854 857 834
854 874 800
854 855 237
855 873 1019
855 874 835
855 875 784
856 876 169
856 857 557
856 858 169
856 860 575
856 861 549
857 874 1156
857 876 582
858 859 244
858 860 549
859 860 429
860 861 169
861 867 169
861 876 574
863 864 626
863 865 477
863 866 781
863 867 1090
864 865 255
864 878 360
865 866 679
867 876 549
867 877 429
868 872 557
868 869 277
868 871 659
869 870 889
869 871 687
871 872 195
871 873 563
873 874 786
873 875 673
874 875 238
876 877 244
879 880 129
879 881 654
879 882 177
880 882 122
881 882 545
881 883 435
881 885 257
881 887 162
881 888 121
882 883 113
883 884 63
883 885 191
884 885 201
885 886 408
885 887 119
887 888 107
889 904 215
889 890 157
889 901 183
889 903 113
890 902 332
890 903 271
890 905 183
890 908 220
890 891 370
890 892 215
891 905 374
892 905 283
892 907 330
892 908 222
892 893 165
893 896 210
893 899 517
893 907 219
893 894 369
895 896 370
895 897 404
895 898 161
895 906 373
896 897 160
896 906 183
896 899 332
896 900 269
897 898 375
897 900 108
897 909 183
898 909 370
899 907 377
899 900 194
899 910 155
900 909 213
901 904 113
902 907 754
902 908 377
902 903 192
903 904 183
907 908 377
907 910 408
911 912 136
911 913 126
911 914 208
911 917 150
911 919 621
912 915 181
912 919 491
913 914 165
914 918 741
914 919 726
915 916 134
915 919 326
916 920 210
916 921 147
916 919 220
918 920 159
918 919 121
919 920 210
919 921 164
920 921 150
922 923 129
922 925 122
922 934 162
923 929 446
923 931 561
923 924 654
923 925 177
923 927 268
924 931 162
924 932 121
925 934 107
925 927 113
926 928 413
926 927 408
927 928 63
927 929 191
929 930 408
929 931 119
930 931 425
931 932 107
932 933 81
935 936 157
935 946 332
935 939 215
936 945 113
936 946 223
937 938 369
937 939 404
937 940 165
938 960 219
938 939 165
938 942 210
938 959 336
939 946 523
939 940 368
939 959 222
941 944 223
941 942 160
941 943 108
942 944 332
942 960 222
943 944 194
944 960 377
944 946 1132
944 959 754
945 946 192
946 959 377
947 954 181
947 948 136
947 949 433
947 950 310
948 949 411
948 950 208
948 951 126
950 953 601
950 954 473
950 955 726
950 951 165
952 953 433
952 954 411
953 954 134
953 955 220
953 957 147
955 956 121
955 957 164
956 957 212
956 958 159
957 958 150
959 960 377
961 962 308
961 963 537
961 964 419
961 977 420
961 978 706
961 979 801
961 980 822
962 963 620
962 980 1027
963 964 269
963 965 349
964 976 404
964 977 480
964 965 484
964 966 444
965 966 279
965 967 254
966 968 347
966 975 463
966 976 580
966 967 478
967 968 291
967 969 535
968 969 691
968 970 490
968 974 333
968 975 750
969 970 319
969 971 439
969 1023 325
970 971 453
970 973 297
970 974 713
971 1033 453
971 972 297
971 973 598
971 1023 282
972 1033 547
972 1035 531
972 973 531
973 974 568
974 975 571
975 976 534
975 1083 409
975 1084 571
975 982 671
976 977 306
976 1082 306
976 982 405
977 978 405
978 979 267
978 982 304
979 980 274
979 981 392
979 982 519
980 981 603
981 993 263
981 982 216
981 991 428
982 992 480
982 1081 304
982 1082 507
982 1083 480
982 991 397
983 1088 530
983 1085 568
983 984 530
983 985 544
983 986 296
983 987 219
983 988 446
983 989 568
983 1086 409
983 1087 699
984 985 200
984 1045 402
984 1046 530
985 1018 373
985 986 312
985 1077 559
985 1045 312
986 1004 354
986 1018 440
986 987 179
986 1020 518
986 1021 488
987 1004 377
987 1005 371
987 1010 457
987 1012 524
987 988 349
988 1000 315
988 1010 536
988 1011 409
988 989 325
988 990 204
989 992 546
989 990 246
990 992 635
990 1000 334
990 1001 278
990 1006 278
990 1015 327
991 992 235
991 993 488
991 995 312
991 1006 259
991 1007 370
992 1006 390
993 994 121
993 995 262
993 996 195
994 996 229
994 998 207
995 996 390
995 997 364
995 1007 129
996 997 143
996 998 100
996 999 101
997 1024 103
997 1007 404
997 999 79
1000 1001 187
1000 1002 389
1000 1011 342
1000 1013 226
1001 1002 429
1001 1003 386
1001 1014 220
1001 1015 339
1002 1003 187
1002 1013 316
1003 1014 316
1004 1008 400
1004 1021 354
1004 1005 185
1004 1022 244
1005 1008 409
1005 1009 369
1005 1012 189
1006 1016 280
1006 1015 382
1006 1007 332
1007 1016 330
1007 1017 139
1007 1024 375
1008 1009 176
1008 1022 316
1009 1012 316
1010 1011 346
1010 1012 257
1011 1013 257
1014 1015 257
1015 1016 189
1016 1017 260
1018 1019 135
1018 1020 215
1019 1020 170
1020 1021 172
1021 1022 257
1023 1033 531
1023 1034 325
1025 1026 269
1025 1027 632
1025 1028 419
1025 1029 444
1025 1037 717
1025 1038 404
1026 1027 620
1026 1029 475
1026 1030 349
1027 1040 1062
1027 1028 308
1028 1040 801
1028 1038 605
1028 1039 420
1029 1036 398
1029 1037 463
1029 1030 279
1029 1031 347
1030 1032 254
1030 1031 315
1031 1032 291
1031 1033 490
1031 1035 497
1031 1036 333
1032 1033 483
1032 1034 535
1033 1034 319
1033 1035 297
1035 1036 568
1036 1037 571
1037 1038 534
1038 1039 306
1039 1040 611
1039 1041 405
1040 1041 267
1040 1042 392
1040 1043 392
1041 1089 507
1041 1090 405
1041 1043 295
1041 1044 304
1042 1043 192
1042 1053 224
1043 1044 217
1043 1051 597
1043 1052 428
1043 1053 301
1043 1054 263
1043 1055 389
1044 1089 405
1044 1091 480
1044 1051 480
1045 1063 432
1045 1064 354
1045 1077 518
1045 1046 296
1045 1047 179
1045 1078 488
1045 1079 551
1046 1088 530
1046 1093 610
1046 1094 409
1046 1047 219
1046 1048 568
1047 1063 371
1047 1069 573
1047 1070 457
1047 1048 589
1047 1049 349
1048 1091 546
1048 1092 691
1048 1093 409
1048 1066 337
1048 1049 325
1048 1050 246
1048 1051 546
1049 1059 370
1049 1060 315
1049 1069 409
1049 1072 483
1049 1050 204
1050 1059 278
1050 1066 278
1050 1073 416
1050 1074 327
1050 1075 378
1051 1066 390
1051 1052 235
1052 1066 259
1052 1055 312
1053 1054 121
1054 1056 279
1054 1058 195
1054 1055 262
1055 1056 421
1055 1057 364
1055 1065 129
1055 1066 368
1055 1080 367
1056 1080 160
1056 1057 79
1056 1058 101
1057 1080 103
1059 1073 220
1059 1060 187
1059 1061 386
1060 1072 226
1060 1061 432
1060 1062 389
1061 1073 316
1061 1062 187
1062 1072 316
1063 1064 185
1063 1067 369
1063 1070 319
1063 1071 189
1064 1067 437
1064 1068 400
1064 1079 244
1065 1080 375
1065 1066 332
1065 1076 139
1066 1075 280
1066 1076 374
1067 1068 176
1067 1071 316
1068 1079 316
1069 1072 257
1069 1070 346
1070 1071 257
1073 1074 257
1074 1075 189
1075 1076 260
1077 1078 172
1078 1079 257
1081 1082 405
1083 1084 693
1083 1085 546
1084 1085 409
1084 1086 568
1085 1086 780
1086 1087 531
1087 1088 410
1087 1094 531
1088 1094 641
1089 1090 306
1089 1091 628
1089 1092 534
1091 1092 409
1092 1093 571
1093 1094 568
1095 1096 146
1095 1097 180
1095 1098 73
1095 1160 73
1095 1198 1941
1095 1169 1940
1096 1153 153
1096 1160 180
1096 1097 153
1096 1099 187
1096 1100 247
1097 1137 153
1097 1098 146
1097 1100 187
1097 1138 247
1098 1163 73
1098 1136 116
1098 1137 180
1098 1169 1941
1098 1170 1940
1099 1153 247
1099 1154 170
1099 1100 170
1099 1101 42
1099 1102 188
1100 1138 170
1100 1139 188
1100 1102 42
1101 1154 188
1101 1155 199
1101 1102 199
1101 1103 43
1101 1104 203
1102 1104 43
1102 1139 199
1102 1140 203
1103 1155 203
1103 1156 199
1103 1104 199
1103 1105 94
1103 1106 185
1104 1106 94
1104 1140 199
1104 1141 185
1105 1156 185
1105 1157 128
1105 1106 128
1105 1107 161
1105 1108 201
1106 1108 161
1106 1141 128
1106 1142 201
1107 1157 201
1107 1158 111
1107 1108 111
1107 1109 74
1107 1110 107
1108 1142 111
1108 1110 74
1108 1143 107
1109 1158 107
1109 1159 55
1109 1171 2200
1109 1172 2201
1109 1110 55
1110 1172 2200
1110 1189 2201
1110 1143 55
1111 1177 1940
1111 1127 73
1111 1112 146
1111 1113 180
1111 1114 73
1111 1183 1941
1112 1127 180
1112 1129 153
1112 1113 153
1112 1115 187
1112 1116 247
1113 1144 153
1113 1114 146
1113 1116 187
1113 1146 247
1114 1177 1941
1114 1164 73
1114 1144 180
1114 1145 116
1114 1178 1940
1115 1129 247
1115 1130 170
1115 1116 170
1115 1117 42
1115 1118 188
1116 1146 170
1116 1147 188
1116 1118 42
1117 1120 203
1117 1130 188
1117 1131 199
1117 1118 199
1117 1119 43
1118 1120 43
1118 1147 199
1118 1148 203
1119 1120 199
1119 1121 94
1119 1122 185
1119 1131 203
1119 1132 199
1120 1122 94
1120 1148 199
1120 1149 185
1121 1122 128
1121 1123 161
1121 1124 201
1121 1132 185
1121 1133 128
1122 1124 161
1122 1149 128
1122 1150 201
1123 1124 111
1123 1125 74
1123 1126 107
1123 1133 201
1123 1134 111
1124 1150 111
1124 1126 74
1124 1151 107
1125 1126 55
1125 1134 107
1125 1135 55
1125 1179 2200
1125 1180 2201
1126 1191 2201
1126 1180 2200
1126 1151 55
1127 1216 2576
1127 1217 2569
1127 1187 1941
1127 1188 36
1127 1128 73
1127 1129 146
1127 1183 1940
1128 1216 2593
1128 1129 73
1128 1162 56
1128 1136 113
1128 1215 2576
1129 1136 150
1129 1137 153
1129 1130 187
1130 1137 247
1130 1138 170
1130 1131 42
1131 1138 188
1131 1139 199
1131 1132 43
1132 1139 203
1132 1140 199
1132 1133 94
1133 1140 185
1133 1141 128
1133 1134 161
1134 1141 201
1134 1142 111
1134 1135 74
1135 1184 2200
1135 1179 2201
1135 1142 107
1135 1143 55
1136 1221 2537
1136 1222 2542
1136 1162 56
1136 1163 73
1136 1137 73
1137 1138 187
1138 1139 42
1139 1140 43
1140 1141 94
1141 1142 161
1142 1143 74
1143 1184 2201
1143 1189 2200
1144 1152 104
1144 1153 153
1144 1154 247
1144 1145 73
1144 1146 187
1145 1152 56
1145 1226 2576
1145 1164 73
1145 1223 2566
1146 1154 170
1146 1147 42
1146 1155 188
1147 1156 203
1147 1155 199
1147 1148 43
1148 1156 199
1148 1149 94
1148 1157 185
1149 1158 201
1149 1157 128
1149 1150 161
1150 1159 107
1150 1158 111
1150 1151 74
1151 1191 2200
1151 1190 2201
1151 1159 55
1152 1153 104
1152 1223 2576
1152 1224 2596
1152 1161 56
1152 1227 2537
1152 1228 2533
1152 1197 70
1153 1160 146
1153 1161 73
1153 1154 187
1154 1155 42
1155 1156 43
1156 1157 94
1157 1158 161
1158 1159 74
1159 1171 2201
1159 1190 2200
1160 1161 73
1160 1194 1941
1160 1197 36
1160 1230 2540
1160 1198 1940
1160 1229 2537
1161 1228 2537
1161 1229 2559
1162 1218 2576
1162 1219 2558
1162 1188 70
1162 1222 2537
1162 1215 2588
1163 1187 1940
1163 1220 2537
1163 1188 36
1163 1221 2517
1163 1170 1941
1164 1225 2576
1164 1194 1940
1164 1226 2561
1164 1197 36
1164 1178 1941
1165 1196 220
1165 1166 53
1165 1167 227
1165 1168 220
1165 1200 81
1165 1213 204
1166 1195 220
1166 1196 227
1166 1167 220
1166 1169 171
1166 1170 221
1167 1168 53
1167 1186 220
1167 1187 221
1167 1170 171
1168 1200 204
1168 1185 220
1168 1186 227
1168 1201 81
1169 1170 89
1169 1195 221
1169 1198 89
1170 1187 89
1171 1172 25
1171 1190 25
1172 1189 25
1172 1190 46
1173 1204 81
1173 1174 53
1173 1175 227
1173 1176 220
1173 1181 220
1173 1208 204
1174 1175 220
1174 1177 171
1174 1178 221
1174 1181 227
1174 1182 220
1175 1176 53
1175 1194 221
1175 1192 220
1175 1178 171
1176 1192 227
1176 1193 220
1176 1204 204
1176 1205 81
1177 1178 89
1177 1182 221
1177 1183 89
1178 1194 89
1179 1184 24
1179 1180 25
1179 1190 60
1180 1190 46
1180 1191 24
1181 1208 81
1181 1185 220
1181 1210 204
1181 1182 53
1182 1185 227
1182 1186 220
1182 1183 171
1183 1186 221
1183 1187 89
1184 1189 25
1184 1190 65
1185 1210 81
1185 1201 204
1185 1186 53
1186 1187 171
1187 1188 1940
1188 1217 2576
1188 1218 2557
1188 1219 2537
1188 1220 2534
1189 1190 60
1190 1191 25
1192 1193 53
1192 1194 171
1192 1195 220
1192 1198 221
1193 1212 81
1193 1195 227
1193 1196 220
1193 1205 204
1194 1197 1940
1194 1198 89
1195 1196 53
1195 1198 171
1196 1212 204
1196 1213 81
1197 1224 2576
1197 1225 2583
1197 1227 2518
1197 1230 2537
1199 1200 237
1199 1201 285
1199 1202 158
1199 1207 382
1199 1214 158
1200 1201 158
1200 1213 158
1200 1214 285
1201 1210 158
1201 1202 237
1202 1209 158
1202 1210 285
1202 1207 292
1203 1204 237
1203 1205 285
1203 1206 158
1203 1207 158
1204 1208 158
1204 1205 158
1204 1207 285
1205 1212 158
1205 1206 237
1206 1211 158
1206 1212 285
1206 1207 292
1207 1208 237
1207 1209 158
1207 1211 382
1207 1214 413
1208 1209 285
1208 1210 158
1209 1210 237
1211 1212 237
1211 1213 285
1211 1214 158
1212 1213 158
1213 1214 237
1215 1216 73
1215 1217 90
1215 1218 56
1216 1217 36
1217 1218 70
1219 1220 36
1219 1221 90
1219 1222 70
1220 1221 73
1221 1222 56
1223 1224 70
1223 1225 79
1223 1226 56
1224 1225 36
1225 1226 73
1227 1228 56
1227 1229 79
1227 1230 70
1228 1229 73
1229 1230 36
1231 1232 146
1231 1233 180
1231 1234 73
1231 1296 73
1231 1333 1941
1231 1306 1940
1232 1289 153
1232 1296 180
1232 1233 153
1232 1235 187
1232 1236 247
1233 1273 153
1233 1234 146
1233 1236 187
1233 1274 247
1234 1305 1940
1234 1299 73
1234 1272 116
1234 1273 180
1234 1306 1941
1235 1289 247
1235 1290 170
1235 1236 170
1235 1237 42
1235 1238 188
1236 1274 170
1236 1275 188
1236 1238 42
1237 1290 188
1237 1291 199
1237 1238 199
1237 1239 43
1237 1240 203
1238 1240 43
1238 1275 199
1238 1276 203
1239 1291 203
1239 1292 199
1239 1240 199
1239 1241 94
1239 1242 185
1240 1242 94
1240 1276 199
1240 1277 185
1241 1292 185
1241 1293 128
1241 1242 128
1241 1243 161
1241 1244 201
1242 1244 161
1242 1277 128
1242 1278 201
1243 1293 201
1243 1294 111
1243 1244 111
1243 1245 74
1243 1246 107
1244 1278 111
1244 1246 74
1244 1279 107
1245 1294 107
1245 1295 55
1245 1307 2200
1245 1308 2201
1245 1246 55
1246 1308 2200
1246 1325 2201
1246 1279 55
1247 1248 146
1247 1249 180
1247 1250 73
1247 1314 1940
1247 1319 1941
1247 1263 73
1248 1249 153
1248 1251 187
1248 1252 247
1248 1263 180
1248 1265 153
1249 1280 153
1249 1250 146
1249 1282 247
1249 1252 187
1250 1280 180
1250 1281 116
1250 1314 1941
1250 1313 1940
1250 1300 73
1251 1252 170
1251 1253 42
1251 1254 188
1251 1265 247
1251 1266 170
1252 1282 170
1252 1283 188
1252 1254 42
1253 1254 199
1253 1255 43
1253 1256 203
1253 1266 188
1253 1267 199
1254 1256 43
1254 1283 199
1254 1284 203
1255 1256 199
1255 1257 94
1255 1258 185
1255 1267 203
1255 1268 199
1256 1258 94
1256 1284 199
1256 1285 185
1257 1258 128
1257 1259 161
1257 1260 201
1257 1268 185
1257 1269 128
1258 1260 161
1258 1285 128
1258 1286 201
1259 1260 111
1259 1261 74
1259 1262 107
1259 1269 201
1259 1270 111
1260 1287 107
1260 1262 74
1260 1286 111
1261 1315 2200
1261 1316 2201
1261 1262 55
1261 1270 107
1261 1271 55
1262 1316 2200
1262 1327 2201
1262 1287 55
1263 1319 1940
1263 1352 2579
1263 1353 2576
1263 1323 1941
1263 1324 36
1263 1264 73
1263 1265 146
1264 1351 2579
1264 1352 2599
1264 1265 73
1264 1298 56
1264 1272 113
1265 1272 150
1265 1273 153
1265 1266 187
1266 1273 247
1266 1274 170
1266 1267 42
1267 1274 188
1267 1275 199
1267 1268 43
1268 1275 203
1268 1276 199
1268 1269 94
1269 1276 185
1269 1277 128
1269 1270 161
1270 1277 201
1270 1278 111
1270 1271 74
1271 1320 2200
1271 1315 2201
1271 1278 107
1271 1279 55
1272 1357 2568
1272 1358 2568
1272 1298 56
1272 1299 73
1272 1273 73
1273 1274 187
1274 1275 42
1275 1276 43
1276 1277 94
1277 1278 161
1278 1279 74
1279 1320 2201
1279 1325 2200
1280 1281 73
1280 1282 187
1280 1288 104
1280 1289 153
1280 1290 247
1281 1288 56
1281 1362 2579
1281 1300 73
1281 1359 2575
1282 1291 188
1282 1290 170
1282 1283 42
1283 1291 199
1283 1284 43
1283 1292 203
1284 1293 185
1284 1292 199
1284 1285 94
1285 1293 128
1285 1286 161
1285 1294 201
1286 1295 107
1286 1294 111
1286 1287 74
1287 1327 2200
1287 1326 2201
1287 1295 55
1288 1289 104
1288 1359 2579
1288 1360 2601
1288 1297 56
1288 1363 2568
1288 1364 2570
1288 1334 70
1289 1296 146
1289 1297 73
1289 1290 187
1290 1291 42
1291 1292 43
1292 1293 94
1293 1294 161
1294 1295 74
1295 1307 2201
1295 1326 2200
1296 1297 73
1296 1330 1941
1296 1333 1940
1296 1334 36
1296 1366 2568
1296 1365 2568
1297 1364 2568
1297 1365 2589
1298 1351 2585
1298 1354 2579
1298 1355 2590
1298 1324 70
1298 1358 2568
1299 1323 1940
1299 1324 36
1299 1357 2549
1299 1356 2568
1299 1305 1941
1300 1313 1941
1300 1361 2579
1300 1330 1940
1300 1362 2562
1300 1334 36
1301 1336 81
1301 1349 204
1301 1332 220
1301 1302 53
1301 1303 227
1301 1304 220
1302 1331 220
1302 1332 227
1302 1303 220
1302 1305 221
1302 1306 171
1303 1304 53
1303 1305 171
1303 1322 220
1303 1323 221
1304 1336 204
1304 1321 220
1304 1322 227
1304 1337 81
1305 1306 89
1305 1323 89
1306 1331 221
1306 1333 89
1307 1308 25
1307 1326 25
1308 1325 25
1308 1326 46
1309 1312 220
1309 1344 204
1309 1317 220
1309 1340 81
1309 1310 53
1309 1311 227
1310 1313 221
1310 1314 171
1310 1317 227
1310 1318 220
1310 1311 220
1311 1312 53
1311 1313 171
1311 1328 220
1311 1330 221
1312 1328 227
1312 1329 220
1312 1340 204
1312 1341 81
1313 1314 89
1313 1330 89
1314 1318 221
1314 1319 89
1315 1320 25
1315 1316 25
1315 1326 60
1316 1326 46
1316 1327 25
1317 1344 81
1317 1321 220
1317 1346 204
1317 1318 53
1318 1321 227
1318 1322 220
1318 1319 171
1319 1322 221
1319 1323 89
1320 1325 25
1320 1326 65
1321 1337 204
1321 1322 53
1321 1346 81
1322 1323 171
1323 1324 1940
1324 1353 2579
1324 1354 2560
1324 1355 2568
1324 1356 2569
1325 1326 60
1326 1327 25
1328 1329 53
1328 1330 171
1328 1331 220
1328 1333 221
1329 1331 227
1329 1332 220
1329 1341 204
1329 1348 81
1330 1333 89
1330 1334 1940
1331 1332 53
1331 1333 171
1332 1348 204
1332 1349 81
1334 1360 2579
1334 1361 2583
1334 1363 2549
1334 1366 2568
1335 1350 158
1335 1336 237
1335 1337 285
1335 1338 158
1335 1343 382
1336 1337 158
1336 1349 158
1336 1350 285
1337 1338 237
1337 1346 158
1338 1345 158
1338 1346 285
1338 1343 292
1339 1340 237
1339 1341 285
1339 1342 158
1339 1343 158
1340 1344 158
1340 1341 158
1340 1343 285
1341 1348 158
1341 1342 237
1342 1347 158
1342 1348 285
1342 1343 292
1343 1344 237
1343 1345 158
1343 1347 382
1343 1350 413
1344 1345 285
1344 1346 158
1345 1346 237
1347 1348 237
1347 1349 285
1347 1350 158
1348 1349 158
1349 1350 237
1351 1352 73
1351 1353 90
1351 1354 56
1352 1353 36
1353 1354 70
1355 1356 36
1355 1357 90
1355 1358 70
1356 1357 73
1357 1358 56
1359 1360 70
1359 1361 79
1359 1362 56
1360 1361 36
1361 1362 73
1363 1364 56
1363 1365 79
1363 1366 70
1364 1365 73
1365 1366 36
1367 1388 22
1367 1428 55
1367 1368 247
1367 1369 248
1367 1370 22
1368 1388 248
1368 1389 22
1368 1369 22
1368 1371 36
1368 1372 50
1369 1440 50
1369 1370 247
1369 1372 36
1369 1439 22
1370 1428 42
1370 1438 22
1370 1439 248
1371 1389 50
1371 1390 50
1371 1372 50
1371 1373 33
1371 1374 60
1372 1440 50
1372 1441 60
1372 1374 33
1373 1378 153
1373 1390 60
1373 1391 50
1373 1374 50
1373 1375 137
1374 1442 153
1374 1441 50
1374 1378 137
1375 1376 19
1375 1377 100
1375 1378 91
1375 1391 153
1375 1392 91
1376 1377 106
1376 1379 29
1376 1380 111
1376 1392 100
1376 1393 106
1377 1378 19
1377 1443 106
1377 1380 29
1377 1444 111
1378 1442 91
1378 1443 100
1379 1380 106
1379 1381 115
1379 1382 125
1379 1393 111
1379 1394 106
1380 1444 106
1380 1445 125
1380 1382 115
1381 1382 22
1381 1383 51
1381 1384 62
1381 1394 125
1381 1395 22
1382 1384 51
1382 1445 22
1382 1446 62
1383 1384 50
1383 1385 45
1383 1386 56
1383 1395 62
1383 1396 50
1384 1386 45
1384 1446 50
1384 1447 56
1385 1386 22
1385 1387 584
1385 1396 56
1385 1397 22
1386 1387 584
1386 1447 22
1387 1447 584
1387 1417 584
1387 1427 584
1387 1397 585
1387 1437 585
1387 1407 584
1388 1428 59
1388 1389 247
1388 1398 22
1389 1398 248
1389 1390 36
1389 1399 22
1390 1400 50
1390 1399 50
1390 1391 33
1391 1400 60
1391 1401 50
1391 1392 137
1392 1393 19
1392 1402 91
1392 1401 153
1393 1394 29
1393 1403 106
1393 1402 100
1394 1403 111
1394 1395 115
1394 1404 106
1395 1404 125
1395 1396 51
1395 1405 22
1396 1405 62
1396 1397 45
1396 1406 50
1397 1406 56
1397 1407 22
1398 1408 22
1398 1428 55
1398 1399 247
1399 1400 36
1399 1409 22
1399 1408 248
1400 1401 33
1400 1410 50
1400 1409 50
1401 1410 60
1401 1411 50
1401 1402 137
1402 1403 19
1402 1412 91
1402 1411 153
1403 1412 100
1403 1404 29
1403 1413 106
1404 1413 111
1404 1405 115
1404 1414 106
1405 1414 125
1405 1406 51
1405 1415 22
1406 1416 50
1406 1415 62
1406 1407 45
1407 1416 56
1407 1417 22
1408 1409 247
1408 1418 22
1408 1428 42
1409 1410 36
1409 1419 22
1409 1418 248
1410 1411 33
1410 1420 50
1410 1419 50
1411 1412 137
1411 1420 60
1411 1421 50
1412 1421 153
1412 1413 19
1412 1422 91
1413 1422 100
1413 1414 29
1413 1423 106
1414 1424 106
1414 1423 111
1414 1415 115
1415 1416 51
1415 1425 22
1415 1424 125
1416 1417 45
1416 1426 50
1416 1425 62
1417 1426 56
1417 1427 22
1418 1419 247
1418 1428 22
1419 1428 248
1419 1420 36
1419 1429 22
1420 1429 50
1420 1421 33
1420 1430 50
1421 1422 137
1421 1430 60
1421 1431 50
1422 1432 91
1422 1431 153
1422 1423 19
1423 1424 29
1423 1433 106
1423 1432 100
1424 1425 115
1424 1434 106
1424 1433 111
1425 1426 51
1425 1435 22
1425 1434 125
1426 1427 45
1426 1436 50
1426 1435 62
1427 1436 56
1427 1437 22
1428 1429 247
1428 1438 22
1429 1438 248
1429 1430 36
1429 1439 22
1430 1440 50
1430 1439 50
1430 1431 33
1431 1440 60
1431 1441 50
1431 1432 137
1432 1433 19
1432 1442 91
1432 1441 153
1433 1442 100
1433 1434 29
1433 1443 106
1434 1435 115
1434 1444 106
1434 1443 111
1435 1444 125
1435 1436 51
1435 1445 22
1436 1437 45
1436 1446 50
1436 1445 62
1437 1446 56
1437 1447 22
1438 1439 247
1439 1440 36
1440 1441 33
1441 1442 137
1442 1443 19
1443 1444 29
1444 1445 115
1445 1446 51
1446 1447 45
1448 1449 2772
1448 1450 2772
1448 1451 67
1448 1452 67
1448 1462 123
1449 1450 33
1449 1452 2772
1449 1453 33
1449 1455 61
1449 1457 80
1449 1459 87
1449 1461 80
1449 1463 61
1450 1451 2772
1450 1463 33
1451 1462 67
1451 1463 2772
1452 1462 161
1452 1453 2772
1452 1454 67
1453 1454 2772
1453 1455 33
1454 1456 67
1454 1462 175
1454 1455 2772
1455 1456 2772
1455 1457 33
1456 1457 2772
1456 1458 67
1456 1462 161
1457 1458 2772
1457 1459 33
1458 1459 2772
1458 1460 67
1458 1462 123
1459 1460 2772
1459 1461 33
1460 1461 2772
1460 1462 67
1461 1462 2772
1461 1463 33
1462 1463 2772
1464 1472 30
1464 1474 2000
1464 1475 2000
1464 1465 400
1464 1466 400
1464 1467 27
1464 1468 667
1465 1472 400
1465 1473 12
1465 1477 22
1465 1480 29
1465 1483 29
1465 1486 26
1465 1489 19
1465 1466 10
1466 1489 10
1466 1467 400
1467 1538 302
1467 1488 27
1467 1489 401
1467 1522 333
1467 1524 514
1467 1468 666
1468 1475 1334
1468 1512 1333
1468 1522 333
1468 1524 492
1468 1525 367
1468 1469 333
1468 1470 666
1468 1471 1000
1469 1526 367
1469 1525 492
1469 1470 333
1470 1527 367
1470 1526 492
1470 1471 333
1471 1512 333
1471 1528 367
1471 1527 492
1472 1473 400
1472 1474 2000
1472 1476 30
1472 1478 2000
1473 1476 401
1473 1477 12
1474 1475 60
1474 1500 2000
1474 1502 2000
1474 1478 60
1475 1512 54
1475 1497 2000
1475 1498 1667
1475 1500 2000
1476 1481 2000
1476 1477 400
1476 1478 2000
1476 1479 27
1477 1480 10
1477 1479 401
1478 1504 2000
1478 1481 54
1478 1502 2000
1479 1480 400
1479 1481 2000
1479 1482 27
1479 1484 2000
1480 1482 400
1480 1483 10
1481 1504 2000
1481 1506 2000
1481 1484 54
1482 1483 400
1482 1484 2000
1482 1485 30
1482 1487 2000
1483 1485 400
1483 1486 12
1484 1506 2000
1484 1508 2000
1484 1487 68
1485 1488 30
1485 1490 2000
1485 1486 400
1485 1487 2000
1486 1488 401
1486 1489 12
1487 1508 2000
1487 1510 2000
1487 1511 1667
1487 1516 1334
1487 1517 1001
1487 1520 668
1487 1521 336
1487 1490 51
1488 1538 285
1488 1514 333
1488 1579 488
1488 1489 400
1488 1490 2000
1490 1574 321
1490 1639 459
1490 1513 1333
1490 1514 1666
1490 1521 333
1490 1491 333
1490 1492 666
1490 1493 1000
1491 1574 467
1491 1492 333
1491 1572 322
1492 1570 324
1492 1572 468
1492 1493 333
1493 1513 333
1493 1570 469
1493 1569 325
1494 1510 27
1494 1607 302
1494 1495 400
1494 1496 401
1494 1497 27
1494 1498 333
1494 1596 514
1495 1505 28
1495 1507 21
1495 1509 10
1495 1510 400
1495 1496 10
1495 1499 21
1495 1501 28
1495 1503 31
1496 1497 400
1496 1499 12
1497 1498 334
1497 1499 401
1497 1500 30
1498 1512 1667
1498 1515 1333
1498 1518 1000
1498 1519 666
1498 1523 333
1498 1596 377
1498 1597 499
1499 1500 400
1499 1501 12
1500 1501 400
1500 1502 30
1501 1502 400
1501 1503 10
1502 1504 27
1502 1503 400
1503 1504 400
1503 1505 10
1504 1505 401
1504 1506 27
1505 1506 400
1505 1507 12
1506 1507 401
1506 1508 30
1507 1508 400
1507 1509 12
1508 1509 400
1508 1510 30
1509 1510 400
1510 1607 285
1510 1511 333
1511 1642 340
1511 1516 333
1511 1607 413
1512 1528 492
1512 1529 367
1512 1515 333
1513 1569 470
1513 1514 333
1513 1566 326
1514 1579 340
1514 1566 471
1515 1600 367
1515 1529 499
1515 1518 333
1516 1642 463
1516 1517 333
1516 1634 326
1517 1520 333
1517 1634 462
1517 1637 325
1518 1600 499
1518 1599 367
1518 1519 333
1519 1523 333
1519 1598 367
1519 1599 499
1520 1521 333
1520 1636 324
1520 1637 461
1521 1636 460
1521 1639 322
1522 1524 377
1523 1597 367
1523 1598 499
1524 1538 359
1524 1539 476
1524 1540 362
1524 1525 322
1524 1530 559
1525 1530 438
1525 1531 550
1525 1526 333
1526 1531 418
1526 1527 333
1527 1528 333
1527 1531 518
1527 1532 394
1528 1529 333
1528 1532 513
1528 1533 394
1529 1600 333
1529 1533 513
1529 1534 394
1530 1540 376
1530 1542 482
1530 1543 368
1530 1544 498
1530 1531 317
1531 1544 373
1531 1532 313
1532 1544 484
1532 1533 333
1532 1535 373
1533 1536 372
1533 1534 334
1533 1535 487
1534 1536 498
1534 1537 372
1534 1600 520
1534 1604 334
1535 1536 320
1535 1544 305
1535 1548 521
1535 1549 396
1536 1537 335
1536 1549 504
1536 1550 361
1537 1604 503
1537 1605 335
1537 1550 491
1537 1551 355
1538 1579 333
1538 1539 364
1538 1580 535
1539 1581 559
1539 1540 358
1539 1541 374
1539 1580 332
1540 1541 493
1540 1542 386
1541 1584 609
1541 1545 455
1541 1581 361
1541 1542 398
1542 1545 589
1542 1546 448
1542 1543 342
1543 1544 322
1543 1546 548
1543 1547 432
1544 1547 527
1544 1548 398
1545 1552 501
1545 1546 395
1545 1584 358
1545 1590 609
1546 1552 668
1546 1553 506
1546 1547 367
1547 1553 670
1547 1554 418
1547 1548 310
1548 1554 584
1548 1555 355
1548 1549 305
1549 1555 517
1549 1556 372
1549 1550 301
1550 1556 514
1550 1557 390
1550 1551 335
1551 1619 335
1551 1605 489
1551 1557 491
1551 1558 366
1552 1560 464
1552 1553 375
1552 1590 336
1552 1559 631
1553 1560 458
1553 1554 352
1553 1559 757
1554 1560 719
1554 1561 439
1554 1555 330
1555 1561 663
1555 1562 391
1555 1556 295
1556 1562 530
1556 1563 367
1556 1557 294
1557 1563 492
1557 1564 380
1557 1558 312
1558 1625 312
1558 1619 504
1558 1564 489
1558 1565 370
1559 1560 326
1560 1561 355
1560 1590 398
1561 1562 357
1561 1590 342
1561 1591 378
1562 1592 335
1562 1563 298
1562 1591 347
1563 1592 391
1563 1593 314
1563 1564 289
1564 1593 417
1564 1594 324
1564 1565 292
1565 1625 469
1565 1594 433
1565 1595 311
1565 1631 285
1566 1568 438
1566 1569 333
1566 1579 322
1566 1567 550
1567 1568 317
1567 1569 418
1567 1571 313
1567 1577 479
1567 1583 373
1568 1579 559
1568 1580 376
1568 1582 368
1568 1583 498
1569 1570 333
1569 1571 519
1570 1571 394
1570 1572 333
1570 1573 519
1571 1576 502
1571 1577 373
1571 1573 333
1572 1573 394
1572 1574 333
1572 1575 520
1573 1576 372
1573 1578 503
1573 1575 334
1574 1639 333
1574 1638 513
1574 1575 394
1575 1641 498
1575 1578 372
1575 1638 334
1576 1577 320
1576 1578 335
1576 1588 361
1576 1589 489
1577 1587 396
1577 1588 474
1577 1583 305
1578 1641 335
1578 1651 491
1578 1589 355
1579 1580 362
1580 1581 386
1580 1582 554
1581 1584 448
1581 1585 577
1581 1582 342
1582 1585 432
1582 1586 515
1582 1583 322
1583 1586 398
1583 1587 481
1584 1585 367
1584 1590 506
1584 1591 478
1585 1592 401
1585 1586 310
1585 1591 418
1586 1592 355
1586 1593 419
1586 1587 305
1587 1593 372
1587 1594 451
1587 1588 301
1588 1594 390
1588 1595 504
1588 1589 335
1589 1656 491
1589 1651 335
1589 1595 366
1590 1591 352
1591 1592 330
1592 1593 295
1593 1594 294
1594 1595 312
1595 1656 312
1595 1631 443
1596 1608 362
1596 1602 559
1596 1597 322
1596 1607 359
1597 1601 550
1597 1602 438
1597 1598 333
1598 1601 418
1598 1603 519
1598 1599 333
1599 1600 333
1599 1603 394
1599 1604 519
1600 1604 394
1601 1602 317
1601 1603 313
1601 1613 373
1601 1606 479
1602 1608 376
1602 1612 368
1602 1613 498
1603 1604 333
1603 1605 502
1603 1606 373
1604 1605 372
1605 1619 361
1605 1606 320
1606 1618 396
1606 1619 474
1606 1613 305
1607 1608 543
1607 1609 364
1607 1642 333
1608 1609 358
1608 1610 386
1608 1612 554
1609 1643 332
1609 1610 571
1609 1611 374
1609 1642 446
1610 1616 577
1610 1611 398
1610 1612 342
1610 1614 448
1611 1643 459
1611 1644 361
1611 1614 613
1611 1615 455
1612 1616 432
1612 1617 515
1612 1613 322
1613 1617 398
1613 1618 481
1614 1616 367
1614 1620 506
1614 1622 478
1614 1615 395
1615 1644 544
1615 1620 597
1615 1621 501
1615 1647 358
1616 1617 310
1616 1622 418
1616 1623 401
1617 1624 419
1617 1618 305
1617 1623 355
1618 1624 372
1618 1625 451
1618 1619 301
1619 1625 390
1620 1626 458
1620 1628 368
1620 1621 375
1620 1622 352
1621 1626 464
1621 1627 631
1621 1652 336
1621 1647 614
1622 1628 439
1622 1629 373
1622 1623 330
1623 1624 295
1623 1629 391
1623 1630 425
1624 1625 294
1624 1630 367
1624 1631 455
1625 1631 380
1626 1652 398
1626 1627 326
1626 1628 355
1626 1653 659
1627 1652 697
1628 1653 378
1628 1629 357
1628 1654 606
1629 1654 335
1629 1630 298
1629 1655 483
1630 1656 447
1630 1655 314
1630 1631 289
1631 1656 324
1632 1633 317
1632 1634 438
1632 1642 559
1632 1643 376
1632 1644 482
1632 1645 368
1632 1646 498
1633 1634 550
1633 1635 313
1633 1636 518
1633 1637 418
1633 1646 373
1634 1642 322
1634 1637 333
1635 1636 394
1635 1638 333
1635 1639 513
1635 1640 373
1635 1646 484
1636 1637 333
1636 1639 333
1638 1640 487
1638 1641 372
1638 1639 394
1640 1641 320
1640 1650 396
1640 1646 305
1640 1649 521
1641 1650 504
1641 1651 361
1642 1643 362
1643 1644 386
1644 1645 342
1644 1647 448
1645 1648 432
1645 1646 322
1645 1647 548
1646 1648 527
1646 1649 398
1647 1648 367
1647 1652 506
1648 1649 310
1648 1652 670
1648 1653 418
1649 1650 305
1649 1653 584
1649 1654 355
1650 1651 301
1650 1654 517
1650 1655 372
1651 1656 390
1651 1655 514
1652 1653 352
1653 1654 330
1654 1655 295
1655 1656 294
1657 1667 500
1657 1714 249
1657 1686 498
1657 1719 343
1657 1718 428
1657 1658 249
1657 1659 498
1657 1660 747
1657 1662 997
1657 1663 996
1658 1720 343
1658 1659 249
1658 1719 428
1659 1720 428
1659 1721 343
1659 1660 249
1660 1721 428
1660 1722 348
1660 1663 249
1661 1664 9
1661 1668 11
1661 1684 16
1661 1662 299
1661 1663 300
1662 1665 29
1662 1667 1495
1662 1668 300
1662 1663 23
1663 1664 299
1663 1722 438
1663 1723 257
1663 1680 23
1664 1680 299
1664 1684 9
1665 1666 1495
1665 1667 1496
1665 1668 299
1665 1669 29
1665 1671 299
1666 1667 59
1666 1669 1495
1666 1670 59
1666 1687 1495
1666 1691 1495
1667 1685 253
1667 1686 46
1667 1687 1495
1668 1684 22
1668 1671 11
1669 1672 23
1669 1674 299
1669 1670 1495
1669 1671 299
1670 1672 1495
1670 1673 46
1670 1691 1496
1670 1693 1495
1671 1674 9
1671 1684 27
1672 1673 1495
1672 1674 299
1672 1675 23
1672 1677 300
1673 1675 1496
1673 1676 46
1673 1693 1496
1673 1695 1495
1674 1684 28
1674 1677 9
1675 1676 1495
1675 1677 299
1675 1678 34
1675 1679 300
1676 1697 1495
1676 1716 63
1676 1678 1496
1676 1695 1495
1677 1684 22
1677 1679 11
1678 1680 25
1678 1716 1495
1678 1684 299
1678 1679 299
1679 1684 11
1680 1701 1495
1680 1768 405
1680 1705 996
1680 1706 1246
1680 1681 249
1680 1682 498
1680 1683 747
1680 1684 299
1680 1716 1495
1680 1723 245
1681 1768 305
1681 1682 249
1682 1768 383
1682 1683 249
1682 1767 299
1683 1705 249
1683 1765 298
1683 1767 384
1685 1707 996
1685 1710 747
1685 1711 498
1685 1715 249
1685 1686 249
1685 1687 1246
1685 1689 1246
1685 1789 343
1685 1790 419
1686 1789 419
1686 1714 249
1686 1717 343
1687 1688 299
1687 1689 23
1687 1690 299
1687 1691 29
1688 1696 31
1688 1698 28
1688 1700 19
1688 1704 9
1688 1689 299
1688 1690 9
1688 1692 19
1688 1694 28
1689 1793 438
1689 1794 257
1689 1703 23
1689 1704 300
1689 1707 249
1690 1691 299
1690 1692 11
1691 1692 299
1691 1693 29
1692 1693 300
1692 1694 11
1693 1694 299
1693 1695 23
1694 1696 9
1694 1695 300
1695 1696 299
1695 1697 23
1696 1697 299
1696 1698 9
1697 1698 299
1697 1699 34
1697 1716 1495
1698 1699 300
1698 1700 11
1699 1700 299
1699 1701 1495
1699 1702 1246
1699 1703 25
1699 1708 997
1699 1709 748
1699 1712 499
1699 1713 250
1699 1716 1495
1700 1704 11
1700 1703 300
1701 1760 383
1701 1702 249
1701 1706 249
1701 1716 54
1701 1759 296
1702 1826 297
1702 1708 249
1702 1759 392
1703 1704 299
1703 1713 249
1703 1794 245
1705 1706 249
1705 1763 297
1705 1765 384
1706 1760 297
1706 1763 383
1707 1793 348
1707 1710 249
1708 1826 392
1708 1828 297
1708 1709 249
1709 1712 249
1709 1828 392
1709 1830 298
1710 1792 343
1710 1793 417
1710 1711 249
1711 1792 419
1711 1715 249
1711 1791 343
1712 1713 249
1712 1830 393
1712 1831 299
1713 1833 305
1713 1794 337
1713 1831 393
1714 1717 428
1714 1718 343
1715 1790 343
1715 1791 419
1717 1795 434
1717 1724 360
1717 1789 249
1717 1718 249
1718 1724 442
1718 1725 360
1718 1719 249
1719 1720 249
1719 1725 442
1719 1726 360
1720 1721 249
1720 1726 434
1720 1727 376
1721 1728 334
1721 1722 238
1721 1727 447
1722 1728 386
1722 1729 305
1722 1723 300
1723 1768 268
1723 1729 436
1723 1730 306
1724 1795 250
1724 1801 415
1724 1731 313
1724 1725 250
1725 1731 403
1725 1732 313
1725 1726 261
1726 1732 393
1726 1733 327
1726 1727 251
1727 1728 288
1727 1733 374
1727 1734 319
1728 1729 238
1728 1734 421
1728 1735 340
1729 1736 329
1729 1730 298
1729 1735 423
1730 1736 456
1730 1737 314
1730 1768 394
1730 1770 266
1731 1801 278
1731 1738 304
1731 1732 278
1731 1807 453
1732 1738 415
1732 1739 310
1732 1733 275
1733 1739 363
1733 1740 336
1733 1734 264
1734 1740 381
1734 1741 340
1734 1735 273
1735 1736 254
1735 1741 398
1735 1742 363
1736 1737 353
1736 1742 428
1736 1743 378
1737 1744 385
1737 1770 426
1737 1775 311
1737 1743 468
1738 1745 314
1738 1739 338
1738 1813 472
1738 1807 338
1739 1745 460
1739 1746 315
1739 1740 254
1740 1746 360
1740 1747 306
1740 1741 277
1741 1747 306
1741 1748 281
1741 1742 276
1742 1748 298
1742 1749 365
1742 1743 315
1743 1744 364
1743 1749 327
1743 1750 450
1744 1782 323
1744 1775 535
1744 1750 410
1744 1751 447
1745 1752 334
1745 1746 350
1745 1819 502
1745 1813 350
1746 1752 481
1746 1753 350
1746 1747 285
1747 1753 425
1747 1754 355
1747 1748 255
1748 1754 365
1748 1755 406
1748 1749 363
1749 1755 279
1749 1756 408
1749 1750 377
1750 1756 281
1750 1757 404
1750 1758 847
1750 1751 368
1751 1782 664
1751 1788 328
1751 1758 567
1752 1784 276
1752 1753 356
1752 1819 356
1752 1845 444
1753 1784 463
1753 1754 325
1753 1783 294
1754 1785 300
1754 1755 292
1754 1783 464
1755 1785 506
1755 1786 347
1755 1756 374
1756 1786 673
1756 1787 350
1756 1757 378
1757 1787 682
1757 1788 349
1757 1758 495
1758 1788 801
1759 1760 249
1759 1761 434
1759 1762 360
1759 1826 249
1760 1761 360
1760 1763 249
1760 1764 441
1761 1762 250
1761 1771 313
1761 1764 261
1761 1773 441
1762 1825 250
1762 1826 442
1762 1771 415
1762 1772 313
1763 1764 360
1763 1765 249
1763 1766 455
1764 1774 443
1764 1773 327
1764 1766 251
1765 1766 376
1765 1767 249
1766 1769 288
1766 1774 319
1766 1767 447
1767 1768 238
1767 1769 334
1768 1769 386
1768 1770 305
1769 1776 340
1769 1770 238
1769 1774 421
1769 1775 407
1770 1775 329
1771 1777 310
1771 1779 465
1771 1772 278
1771 1773 275
1772 1777 453
1772 1778 304
1772 1835 278
1772 1825 403
1773 1779 336
1773 1780 479
1773 1774 264
1774 1776 273
1774 1780 340
1774 1781 488
1775 1776 254
1775 1782 378
1776 1781 363
1776 1782 500
1777 1785 455
1777 1778 338
1777 1779 254
1777 1783 315
1778 1784 314
1778 1840 338
1778 1835 415
1778 1783 472
1779 1785 306
1779 1786 465
1779 1780 277
1780 1786 281
1780 1787 567
1780 1781 276
1781 1787 365
1781 1788 677
1781 1782 315
1782 1788 450
1783 1784 350
1783 1785 285
1784 1840 460
1784 1845 350
1785 1786 255
1786 1787 363
1787 1788 377
1789 1795 360
1789 1796 441
1789 1790 249
1790 1796 360
1790 1797 455
1790 1791 249
1791 1792 249
1791 1797 376
1792 1793 238
1792 1797 447
1792 1798 334
1793 1800 305
1793 1794 300
1793 1798 386
1793 1799 419
1794 1833 268
1794 1834 418
1794 1799 306
1795 1801 313
1795 1802 441
1795 1796 261
1796 1802 327
1796 1803 443
1796 1797 251
1797 1803 319
1797 1798 288
1798 1800 238
1798 1803 421
1798 1804 407
1798 1805 340
1799 1800 298
1799 1834 266
1799 1806 314
1799 1839 432
1800 1804 329
1800 1806 455
1801 1808 465
1801 1802 275
1801 1807 310
1802 1808 336
1802 1809 479
1802 1803 264
1803 1809 340
1803 1810 488
1803 1805 273
1804 1811 378
1804 1812 574
1804 1805 254
1804 1806 353
1805 1810 363
1805 1811 500
1806 1812 385
1806 1844 453
1806 1839 311
1807 1808 254
1807 1813 315
1807 1814 455
1808 1809 277
1808 1814 306
1808 1815 465
1809 1816 567
1809 1810 276
1809 1815 281
1810 1816 365
1810 1817 677
1810 1811 315
1811 1817 450
1811 1818 709
1811 1812 364
1812 1849 416
1812 1818 447
1812 1844 323
1813 1819 350
1813 1820 503
1813 1814 285
1814 1820 355
1814 1821 551
1814 1815 255
1815 1816 363
1815 1821 406
1815 1822 725
1816 1817 377
1816 1822 408
1816 1823 732
1817 1824 847
1817 1818 368
1817 1823 404
1818 1824 567
1818 1849 328
1819 1820 325
1819 1845 294
1819 1846 383
1820 1821 292
1820 1846 300
1820 1847 317
1821 1848 251
1821 1822 374
1821 1847 347
1822 1848 350
1822 1849 253
1822 1823 378
1823 1824 495
1823 1849 349
1824 1849 801
1825 1835 313
1825 1826 360
1825 1827 261
1825 1828 442
1826 1828 249
1827 1828 360
1827 1829 251
1827 1830 434
1827 1835 393
1827 1836 327
1828 1830 249
1829 1830 376
1829 1831 447
1829 1832 288
1829 1836 374
1829 1837 319
1830 1831 249
1831 1832 334
1831 1833 238
1832 1833 386
1832 1834 238
1832 1837 421
1832 1838 340
1833 1834 305
1834 1838 423
1834 1839 329
1835 1840 310
1835 1836 275
1836 1840 363
1836 1841 336
1836 1837 264
1837 1841 381
1837 1842 340
1837 1838 273
1838 1842 398
1838 1843 363
1838 1839 254
1839 1843 428
1839 1844 378
1840 1841 254
1840 1845 315
1841 1842 277
1841 1845 360
1841 1846 306
1842 1843 276
1842 1846 306
1842 1847 281
1843 1848 365
1843 1844 315
1843 1847 298
1844 1848 326
1844 1849 450
1845 1846 285
1846 1847 255
1847 1848 363
1848 1849 377
1850 1858 26
1850 1860 1796
1850 1861 1796
1850 1851 359
1850 1852 360
1850 1853 23
1850 1854 599
1851 1858 360
1851 1859 10
1851 1863 19
1851 1866 25
1851 1869 26
1851 1872 22
1851 1875 17
1851 1852 9
1852 1875 9
1852 1853 359
1853 1924 264
1853 1874 23
1853 1875 360
1853 1908 299
1853 1910 455
1853 1854 598
1854 1856 598
1854 1857 898
1854 1861 1198
1854 1898 1197
1854 1908 299
1854 1910 435
1854 1911 320
1854 1855 299
1855 1856 299
1855 1912 320
1855 1911 435
1856 1912 435
1856 1857 299
1856 1913 320
1857 1913 435
1857 1898 299
1857 1914 320
1858 1864 1797
1858 1859 359
1858 1860 1796
1858 1862 26
1859 1862 360
1859 1863 10
1860 1864 52
1860 1888 1796
1860 1861 52
1860 1886 1796
1861 1898 47
1861 1883 1796
1861 1884 1497
1861 1886 1797
1862 1864 1796
1862 1865 23
1862 1867 1797
1862 1863 359
1863 1865 360
1863 1866 9
1864 1888 1796
1864 1890 1796
1864 1867 47
1865 1866 359
1865 1867 1796
1865 1868 23
1865 1870 1796
1866 1868 360
1866 1869 9
1867 1890 1796
1867 1892 1797
1867 1870 47
1868 1873 1797
1868 1869 359
1868 1870 1796
1868 1871 26
1869 1872 10
1869 1871 360
1870 1873 60
1870 1892 1796
1870 1894 1797
1871 1872 359
1871 1873 1796
1871 1874 26
1871 1876 1797
1872 1874 360
1872 1875 10
1873 1894 1796
1873 1896 1796
1873 1897 1497
1873 1902 1198
1873 1903 899
1873 1906 600
1873 1907 302
1873 1876 44
1874 1924 249
1874 1900 299
1874 1965 432
1874 1875 359
1874 1876 1796
1876 1960 280
1876 2025 407
1876 1899 1197
1876 1900 1497
1876 1907 299
1876 1877 299
1876 1878 598
1876 1879 898
1877 1960 414
1877 1958 282
1877 1878 299
1878 1956 283
1878 1958 415
1878 1879 299
1879 1899 299
1879 1956 415
1879 1955 284
1880 1896 23
1880 1993 264
1880 1881 359
1880 1882 360
1880 1883 23
1880 1884 299
1880 1982 455
1881 1889 27
1881 1891 25
1881 1893 18
1881 1895 9
1881 1896 360
1881 1882 9
1881 1885 18
1881 1887 25
1882 1883 359
1882 1885 10
1883 1884 300
1883 1885 360
1883 1886 26
1884 1898 1497
1884 1901 1197
1884 1904 898
1884 1905 598
1884 1909 299
1884 1982 330
1884 1983 442
1885 1886 359
1885 1887 10
1886 1888 26
1886 1887 360
1887 1888 359
1887 1889 9
1888 1889 360
1888 1890 23
1889 1890 359
1889 1891 9
1890 1891 360
1890 1892 23
1891 1892 359
1891 1893 10
1892 1893 360
1892 1894 26
1893 1894 359
1893 1895 10
1894 1896 26
1894 1895 360
1895 1896 359
1896 1897 299
1896 1993 249
1897 1993 366
1897 2028 297
1897 1902 299
1898 1914 435
1898 1915 320
1898 1901 299
1899 1952 285
1899 1955 416
1899 1900 299
1900 1952 417
1900 1965 297
1901 1904 299
1901 1986 320
1901 1915 442
1902 2028 410
1902 2020 285
1902 1903 299
1903 1906 299
1903 2020 410
1903 2023 284
1904 1905 299
1904 1986 442
1904 1985 320
1905 1984 320
1905 1985 442
1905 1909 299
1906 1907 299
1906 2022 283
1906 2023 409
1907 2025 282
1907 2022 408
1908 1910 330
1909 1984 442
1909 1983 320
1910 1924 321
1910 1925 419
1910 1926 316
1910 1911 289
1910 1916 494
1911 1912 299
1911 1916 382
1911 1917 486
1912 1913 299
1912 1917 365
1913 1914 299
1913 1917 457
1913 1918 344
1914 1915 299
1914 1918 454
1914 1919 344
1915 1920 344
1915 1986 299
1915 1919 454
1916 1926 335
1916 1928 424
1916 1929 322
1916 1930 441
1916 1917 285
1917 1930 326
1917 1918 281
1918 1921 326
1918 1930 427
1918 1919 299
1919 1920 300
1919 1921 431
1919 1922 325
1920 1986 459
1920 1922 440
1920 1923 325
1920 1990 300
1921 1935 346
1921 1922 287
1921 1934 458
1921 1930 273
1922 1936 316
1922 1923 300
1922 1935 445
1923 1936 435
1923 1937 310
1923 1990 445
1923 1991 300
1924 1925 318
1924 1966 473
1924 1965 298
1925 1967 494
1925 1966 297
1925 1926 319
1925 1927 327
1926 1928 337
1926 1927 434
1927 1928 354
1927 1970 537
1927 1931 397
1927 1967 322
1928 1929 306
1928 1931 517
1928 1932 392
1929 1930 288
1929 1932 482
1929 1933 377
1930 1933 463
1930 1934 348
1931 1970 319
1931 1938 438
1931 1932 351
1931 1976 538
1932 1938 585
1932 1939 442
1932 1933 327
1933 1939 588
1933 1940 365
1933 1934 277
1934 1940 513
1934 1941 310
1934 1935 273
1935 1936 270
1935 1941 455
1935 1942 325
1936 1937 301
1936 1942 452
1936 1943 341
1937 1944 320
1937 1991 433
1937 2005 301
1937 1943 434
1938 1976 299
1938 1945 553
1938 1946 411
1938 1939 333
1939 1945 661
1939 1946 400
1939 1940 313
1940 1946 630
1940 1947 383
1940 1941 294
1941 1947 581
1941 1948 341
1941 1942 264
1942 1948 466
1942 1949 320
1942 1943 264
1943 1944 280
1943 1949 433
1943 1950 332
1944 2011 280
1944 2005 445
1944 1950 431
1944 1951 323
1945 1946 286
1946 1976 348
1946 1947 315
1947 1976 305
1947 1977 330
1947 1948 317
1948 1977 310
1948 1978 292
1948 1949 267
1949 1978 347
1949 1979 274
1949 1950 260
1950 1979 370
1950 1980 283
1950 1951 262
1951 2017 256
1951 2011 415
1951 1980 384
1951 1981 272
1952 1953 486
1952 1954 382
1952 1955 299
1952 1965 289
1953 1954 285
1953 1955 365
1953 1957 281
1953 1963 424
1953 1969 326
1954 1968 322
1954 1969 441
1954 1965 494
1954 1966 335
1955 1956 299
1955 1957 459
1956 1957 344
1956 1958 299
1956 1959 459
1957 1962 444
1957 1963 326
1957 1959 299
1958 1960 299
1958 1961 459
1958 1959 344
1959 1961 300
1959 1962 325
1959 1964 445
1960 2024 454
1960 1961 344
1960 2025 299
1961 2024 300
1961 2027 440
1961 1964 325
1962 1963 287
1962 1964 300
1962 1974 316
1962 1975 433
1963 1969 273
1963 1973 346
1963 1974 420
1964 2027 300
1964 2037 435
1964 1975 310
1965 1966 316
1966 1968 490
1966 1967 337
1967 1968 306
1967 1970 392
1967 1971 510
1968 1969 288
1968 1971 377
1968 1972 455
1969 1972 348
1969 1973 425
1970 1976 442
1970 1977 424
1970 1971 327
1971 1977 365
1971 1978 356
1971 1972 277
1972 1978 310
1972 1979 372
1972 1973 273
1973 1979 325
1973 1980 400
1973 1974 270
1974 1980 341
1974 1981 445
1974 1975 301
1975 2037 301
1975 2042 434
1975 1981 320
1976 1977 313
1977 1978 294
1978 1979 264
1979 1980 264
1980 1981 280
1981 2017 392
1981 2042 280
1982 1993 321
1982 1994 316
1982 1988 494
1982 1983 289
1983 1984 299
1983 1987 486
1983 1988 382
1984 1985 299
1984 1987 365
1984 1989 459
1985 1986 299
1985 1989 344
1985 1990 459
1986 1990 344
1987 1992 424
1987 1988 285
1987 1989 281
1987 1999 326
1988 1994 335
1988 1998 322
1988 1999 441
1989 1992 326
1989 1990 299
1989 1991 444
1990 1991 325
1991 1992 287
1991 2005 316
1992 2004 346
1992 2005 420
1992 1999 273
1993 1994 480
1993 1995 318
1993 2028 298
1994 1995 319
1994 1996 337
1994 1998 490
1995 2029 297
1995 1996 505
1995 1997 327
1995 2028 394
1996 2000 392
1996 2002 510
1996 1997 354
1996 1998 306
1997 2000 541
1997 2001 397
1997 2029 405
1997 2030 322
1998 2002 377
1998 2003 455
1998 1999 288
1999 2003 348
1999 2004 425
2000 2008 424
2000 2001 351
2000 2002 327
2000 2006 442
2001 2030 478
2001 2033 319
2001 2006 528
2001 2007 438
2002 2008 365
2002 2009 356
2002 2003 277
2003 2009 310
2003 2010 372
2003 2004 273
2004 2010 325
2004 2011 400
2004 2005 270
2005 2011 341
2006 2008 313
2006 2012 400
2006 2014 327
2006 2007 333
2007 2033 538
2007 2012 411
2007 2013 553
2007 2038 299
2008 2009 294
2008 2014 383
2008 2015 332
2009 2016 377
2009 2010 264
2009 2015 341
2010 2016 320
2010 2017 402
2010 2011 264
2011 2017 332
2012 2038 348
2012 2013 286
2012 2014 315
2012 2039 578
2013 2038 609
2014 2040 532
2014 2039 330
2014 2015 317
2015 2016 267
2015 2041 425
2015 2040 292
2016 2017 260
2016 2042 394
2016 2041 274
2017 2042 283
2018 2019 285
2018 2020 382
2018 2028 494
2018 2029 335
2018 2030 424
2018 2031 322
2018 2032 441
2019 2020 486
2019 2021 281
2019 2022 457
2019 2023 365
2019 2032 326
2020 2028 289
2020 2023 299
2021 2022 344
2021 2024 299
2021 2025 454
2021 2026 326
2021 2032 427
2022 2025 299
2022 2023 299
2024 2025 344
2024 2026 431
2024 2027 325
2026 2032 273
2026 2027 287
2026 2036 346
2026 2035 458
2027 2036 445
2027 2037 316
2028 2029 316
2029 2030 337
2030 2033 392
2030 2031 306
2031 2032 288
2031 2033 482
2031 2034 377
2032 2034 463
2032 2035 348
2033 2034 327
2033 2038 442
2034 2035 277
2034 2038 588
2034 2039 365
2035 2040 310
2035 2036 273
2035 2039 513
2036 2040 455
2036 2041 325
2036 2037 270
2037 2041 452
2037 2042 341
2038 2039 313
2039 2040 294
2040 2041 264
2041 2042 264
2043 2048 895
2043 2049 895
2043 2053 449
2043 2101 223
2043 2104 377
2043 2073 447
2043 2044 223
2043 2045 447
2043 2046 671
2043 2105 299
2044 2105 377
2044 2106 299
2044 2045 223
2045 2106 377
2045 2107 299
2045 2046 223
2046 2049 223
2046 2107 377
2046 2108 304
2047 2048 269
2047 2049 269
2047 2050 8
2047 2054 10
2047 2071 14
2048 2049 20
2048 2051 25
2048 2053 1343
2048 2054 269
2049 2050 269
2049 2067 20
2049 2108 387
2049 2109 224
2050 2067 269
2050 2071 8
2051 2052 1343
2051 2053 1343
2051 2054 268
2051 2055 25
2051 2057 269
2052 2053 51
2052 2055 1343
2052 2056 51
2052 2074 1343
2052 2078 1343
2053 2072 227
2053 2073 40
2053 2074 1343
2054 2057 10
2054 2071 19
2055 2056 1343
2055 2057 269
2055 2058 20
2055 2060 269
2056 2080 1343
2056 2058 1343
2056 2059 40
2056 2078 1343
2057 2060 8
2057 2071 24
2058 2059 1343
2058 2060 269
2058 2061 20
2058 2063 269
2059 2080 1343
2059 2082 1343
2059 2061 1343
2059 2062 40
2060 2071 24
2060 2063 8
2061 2064 29
2061 2066 269
2061 2062 1343
2061 2063 269
2062 2064 1343
2062 2065 55
2062 2082 1343
2062 2084 1343
2063 2066 10
2063 2071 19
2064 2065 1343
2064 2066 268
2064 2067 21
2064 2071 269
2065 2088 47
2065 2067 1343
2065 2084 1343
2065 2086 1343
2066 2071 10
2067 2088 1343
2067 2154 358
2067 2092 895
2067 2093 1119
2067 2068 223
2067 2069 447
2067 2070 671
2067 2071 269
2067 2109 214
2068 2154 267
2068 2069 223
2069 2153 261
2069 2154 338
2069 2070 223
2070 2153 340
2070 2092 223
2070 2151 260
2072 2176 370
2072 2094 895
2072 2097 671
2072 2098 447
2072 2102 223
2072 2073 224
2072 2074 1119
2072 2076 1119
2072 2175 299
2073 2101 224
2073 2175 370
2073 2103 299
2074 2075 269
2074 2076 20
2074 2077 269
2074 2078 25
2075 2081 24
2075 2083 27
2075 2085 24
2075 2087 17
2075 2091 8
2075 2076 269
2075 2077 8
2075 2079 17
2076 2179 387
2076 2180 224
2076 2090 20
2076 2091 269
2076 2094 223
2077 2078 269
2077 2079 10
2078 2080 25
2078 2079 268
2079 2080 269
2079 2081 10
2080 2081 269
2080 2082 20
2081 2082 269
2081 2083 8
2082 2083 269
2082 2084 20
2083 2084 269
2083 2085 8
2084 2085 269
2084 2086 29
2085 2086 269
2085 2087 10
2086 2087 268
2086 2088 1343
2086 2089 1119
2086 2090 21
2086 2095 895
2086 2096 672
2086 2099 448
2086 2100 225
2087 2090 269
2087 2091 10
2088 2145 259
2088 2089 223
2088 2146 339
2088 2093 223
2089 2145 346
2089 2212 259
2089 2095 223
2090 2180 214
2090 2091 269
2090 2100 223
2092 2149 260
2092 2093 223
2092 2151 339
2093 2146 259
2093 2149 339
2094 2097 223
2094 2179 304
2095 2096 223
2095 2212 346
2095 2214 260
2096 2216 260
2096 2099 223
2096 2214 347
2097 2098 223
2097 2179 368
2097 2178 299
2098 2177 299
2098 2178 370
2098 2102 223
2099 2216 347
2099 2217 261
2099 2100 223
2100 2217 347
2100 2219 267
2100 2180 298
2101 2104 299
2101 2103 377
2102 2176 299
2102 2177 370
2103 2104 224
2103 2181 383
2103 2110 315
2103 2175 224
2104 2105 223
2104 2110 390
2104 2111 315
2105 2112 314
2105 2106 223
2105 2111 389
2106 2112 383
2106 2113 328
2106 2107 223
2107 2113 393
2107 2114 292
2107 2108 214
2108 2114 340
2108 2115 266
2108 2109 267
2109 2154 240
2109 2115 384
2109 2116 268
2110 2187 367
2110 2117 273
2110 2181 224
2110 2111 224
2111 2112 235
2111 2117 356
2111 2118 274
2112 2113 225
2112 2118 347
2112 2119 286
2113 2120 279
2113 2114 258
2113 2119 329
2114 2120 371
2114 2121 297
2114 2115 213
2115 2121 371
2115 2122 287
2115 2116 266
2116 2122 401
2116 2123 274
2116 2156 238
2116 2154 348
2117 2193 402
2117 2187 250
2117 2124 266
2117 2118 250
2118 2124 367
2118 2125 271
2118 2119 247
2119 2120 236
2119 2125 320
2119 2126 294
2120 2121 245
2120 2126 336
2120 2127 297
2121 2128 317
2121 2122 226
2121 2127 350
2122 2128 376
2122 2129 330
2122 2123 313
2123 2161 276
2123 2129 411
2123 2130 337
2123 2156 377
2124 2193 303
2124 2131 274
2124 2125 303
2124 2199 418
2125 2131 408
2125 2132 275
2125 2126 228
2126 2132 318
2126 2133 267
2126 2127 248
2127 2128 247
2127 2133 271
2127 2134 246
2128 2129 279
2128 2134 264
2128 2135 319
2129 2136 394
2129 2130 323
2129 2135 287
2130 2136 359
2130 2137 392
2130 2168 288
2130 2161 473
2131 2138 292
2131 2132 314
2131 2205 444
2131 2199 314
2132 2138 426
2132 2139 306
2132 2133 255
2133 2139 375
2133 2140 310
2133 2134 228
2134 2140 322
2134 2141 355
2134 2135 323
2135 2136 336
2135 2141 248
2135 2142 357
2136 2144 747
2136 2137 326
2136 2142 250
2136 2143 353
2137 2144 498
2137 2168 587
2137 2174 292
2138 2170 241
2138 2139 319
2138 2205 319
2138 2231 394
2139 2169 257
2139 2170 411
2139 2140 291
2140 2169 411
2140 2171 262
2140 2141 262
2141 2171 447
2141 2172 303
2141 2142 333
2142 2172 593
2142 2173 307
2142 2143 337
2143 2144 440
2143 2173 602
2143 2174 305
2144 2174 707
2145 2146 224
2145 2147 383
2145 2148 315
2145 2212 224
2146 2147 315
2146 2149 223
2146 2150 389
2147 2148 224
2147 2157 274
2147 2150 235
2147 2159 390
2148 2211 224
2148 2212 390
2148 2157 367
2148 2158 273
2149 2152 401
2149 2150 314
2149 2151 223
2150 2152 225
2150 2160 391
2150 2159 286
2151 2152 328
2151 2153 223
2152 2160 279
2152 2153 393
2152 2155 258
2153 2154 214
2153 2155 292
2154 2155 340
2154 2156 266
2155 2160 371
2155 2161 359
2155 2162 297
2155 2156 213
2156 2161 287
2157 2163 271
2157 2165 411
2157 2158 250
2157 2159 247
2158 2211 356
2158 2163 402
2158 2164 266
2158 2221 250
2159 2160 236
2159 2165 294
2159 2166 423
2160 2162 245
2160 2166 297
2160 2167 430
2161 2168 330
2161 2162 226
2162 2168 440
2162 2167 317
2163 2169 275
2163 2171 403
2163 2164 303
2163 2165 228
2164 2226 303
2164 2169 418
2164 2170 274
2164 2221 367
2165 2171 267
2165 2172 410
2165 2166 248
2166 2172 246
2166 2173 499
2166 2167 247
2167 2168 279
2167 2173 319
2167 2174 596
2168 2174 394
2169 2170 314
2169 2171 255
2170 2226 408
2170 2231 314
2171 2172 228
2172 2173 323
2173 2174 336
2175 2176 223
2175 2181 315
2175 2182 389
2176 2177 223
2176 2182 314
2176 2183 401
2177 2178 223
2177 2183 328
2178 2184 292
2178 2179 214
2178 2183 393
2179 2184 340
2179 2185 370
2179 2186 266
2179 2180 267
2180 2185 268
2180 2219 240
2180 2220 368
2181 2187 274
2181 2188 390
2181 2182 235
2182 2188 286
2182 2189 391
2182 2183 225
2183 2184 258
2183 2189 279
2184 2186 213
2184 2189 371
2184 2190 359
2184 2191 297
2185 2192 274
2185 2225 381
2185 2186 266
2185 2220 238
2186 2192 402
2186 2190 287
2187 2193 271
2187 2194 411
2187 2188 247
2188 2194 294
2188 2195 423
2188 2189 236
2189 2195 297
2189 2196 430
2189 2191 245
2190 2192 313
2190 2197 330
2190 2198 506
2190 2191 226
2191 2196 317
2191 2197 440
2192 2225 276
2192 2230 398
2192 2198 337
2193 2200 403
2193 2194 228
2193 2199 275
2194 2200 267
2194 2201 410
2194 2195 248
2195 2201 246
2195 2202 499
2195 2196 247
2196 2202 319
2196 2203 596
2196 2197 279
2197 2203 394
2197 2204 625
2197 2198 323
2198 2235 364
2198 2204 392
2198 2230 288
2199 2200 255
2199 2205 306
2199 2206 445
2200 2201 228
2200 2206 310
2200 2207 486
2201 2208 638
2201 2202 323
2201 2207 355
2202 2208 357
2202 2209 645
2202 2203 336
2203 2209 353
2203 2210 747
2203 2204 326
2204 2210 498
2204 2235 292
2205 2232 339
2205 2206 291
2205 2231 257
2206 2232 262
2206 2233 280
2206 2207 262
2207 2208 333
2207 2233 303
2207 2234 223
2208 2209 337
2208 2234 307
2208 2235 225
2209 2210 440
2209 2235 305
2210 2235 707
2211 2212 315
2211 2213 235
2211 2214 389
2211 2221 274
2212 2214 223
2213 2214 314
2213 2215 225
2213 2216 383
2213 2221 347
2213 2222 286
2214 2216 223
2215 2216 328
2215 2217 393
2215 2218 258
2215 2222 329
2215 2223 279
2216 2217 223
2217 2218 292
2217 2219 214
2218 2224 297
2218 2219 340
2218 2220 213
2218 2223 371
2219 2220 266
2220 2224 371
2220 2225 287
2221 2226 271
2221 2222 247
2222 2226 320
2222 2227 294
2222 2223 236
2223 2224 245
2223 2227 336
2223 2228 297
2224 2225 226
2224 2228 350
2224 2229 317
2225 2229 376
2225 2230 330
2226 2227 228
2226 2231 275
2227 2232 267
2227 2228 248
2227 2231 318
2228 2232 271
2228 2233 246
2228 2229 247
2229 2233 264
2229 2234 319
2229 2230 279
2230 2234 287
2230 2235 394
2231 2232 255
2232 2233 228
2233 2234 323
2234 2235 336
2236 2240 432
2236 2244 33
2236 2246 1294
2236 2247 1294
2236 2237 259
2236 2238 260
2236 2239 30
2237 2244 260
2237 2245 13
2237 2249 25
2237 2252 32
2237 2255 33
2237 2258 29
2237 2261 21
2237 2238 12
2238 2261 12
2238 2239 260
2239 2240 431
2239 2310 173
2239 2260 30
2239 2261 260
2239 2294 215
2239 2296 312
2240 2241 215
2240 2242 431
2240 2243 647
2240 2247 863
2240 2284 862
2240 2294 215
2240 2296 295
2240 2297 204
2241 2297 293
2241 2242 215
2241 2298 202
2242 2298 292
2242 2243 215
2242 2299 200
2243 2299 291
2243 2284 215
2243 2300 198
2244 2248 33
2244 2250 1294
2244 2245 259
2244 2246 1293
2245 2248 260
2245 2249 13
2246 2272 1293
2246 2250 67
2246 2274 1294
2246 2247 67
2247 2272 1294
2247 2284 60
2247 2269 1294
2247 2270 1079
2248 2249 259
2248 2250 1294
2248 2251 30
2248 2253 1294
2249 2251 260
2249 2252 12
2250 2274 1294
2250 2276 1294
2250 2253 60
2251 2256 1294
2251 2252 260
2251 2253 1294
2251 2254 30
2252 2254 260
2252 2255 12
2253 2256 60
2253 2276 1294
2253 2278 1294
2254 2256 1294
2254 2257 33
2254 2259 1294
2254 2255 259
2255 2257 260
2255 2258 13
2256 2280 1294
2256 2259 77
2256 2278 1294
2257 2258 259
2257 2259 1293
2257 2260 33
2257 2262 1294
2258 2260 260
2258 2261 13
2259 2280 1293
2259 2282 1294
2259 2283 1079
2259 2288 863
2259 2289 648
2259 2292 434
2259 2293 222
2259 2262 57
2260 2310 151
2260 2286 215
2260 2351 293
2260 2261 259
2260 2262 1294
2262 2346 158
2262 2411 265
2262 2285 862
2262 2286 1078
2262 2293 215
2262 2263 215
2262 2264 431
2262 2265 647
2263 2264 215
2263 2344 161
2263 2346 271
2264 2344 273
2264 2265 215
2264 2342 165
2265 2341 168
2265 2285 215
2265 2342 275
2266 2368 312
2266 2282 30
2266 2379 173
2266 2267 260
2266 2268 260
2266 2269 30
2266 2270 215
2267 2273 32
2267 2275 35
2267 2277 32
2267 2279 23
2267 2281 12
2267 2282 260
2267 2268 12
2267 2271 23
2268 2269 259
2268 2271 13
2269 2272 33
2269 2270 218
2269 2271 260
2270 2368 214
2270 2369 301
2270 2284 1078
2270 2287 862
2270 2290 647
2270 2291 431
2270 2295 215
2271 2272 259
2271 2273 13
2272 2273 260
2272 2274 33
2273 2274 259
2273 2275 12
2274 2275 260
2274 2276 30
2275 2276 260
2275 2277 12
2276 2277 260
2276 2278 30
2277 2278 259
2277 2279 13
2278 2280 33
2278 2279 260
2279 2280 259
2279 2281 13
2280 2281 260
2280 2282 33
2281 2282 259
2282 2379 151
2282 2283 215
2283 2288 215
2283 2379 245
2283 2414 184
2284 2300 289
2284 2301 196
2284 2287 215
2285 2338 172
2285 2341 278
2285 2286 215
2286 2338 280
2286 2351 184
2287 2290 215
2287 2372 198
2287 2301 295
2288 2289 215
2288 2406 172
2288 2414 273
2289 2409 168
2289 2292 215
2289 2406 271
2290 2371 200
2290 2291 215
2290 2372 296
2291 2370 202
2291 2371 298
2291 2295 215
2292 2408 165
2292 2409 269
2292 2293 215
2293 2408 267
2293 2411 161
2294 2296 214
2295 2369 204
2295 2370 299
2296 2310 236
2296 2311 324
2296 2312 253
2296 2297 208
2296 2302 379
2297 2298 215
2297 2302 306
2297 2303 373
2298 2299 215
2298 2303 292
2299 2304 275
2299 2300 215
2299 2303 352
2300 2304 348
2300 2305 275
2300 2301 215
2301 2305 348
2301 2306 275
2301 2372 215
2302 2312 249
2302 2314 329
2302 2315 257
2302 2316 335
2302 2303 205
2303 2304 202
2303 2316 261
2304 2305 215
2304 2307 260
2304 2316 330
2305 2306 216
2305 2307 330
2305 2308 260
2306 2376 216
2306 2308 336
2306 2309 260
2306 2372 352
2307 2320 357
2307 2321 277
2307 2308 207
2307 2316 199
2308 2321 344
2308 2322 252
2308 2309 216
2309 2376 340
2309 2377 216
2309 2322 332
2309 2323 248
2310 2352 361
2310 2351 217
2310 2311 254
2311 2312 236
2311 2313 261
2311 2352 216
2311 2353 379
2312 2313 337
2312 2314 269
2313 2353 238
2313 2314 265
2313 2356 413
2313 2317 317
2314 2315 224
2314 2317 407
2314 2318 313
2315 2316 209
2315 2318 377
2315 2319 301
2316 2320 278
2316 2319 362
2317 2356 236
2317 2362 413
2317 2324 349
2317 2318 264
2318 2324 463
2318 2325 353
2318 2319 244
2319 2320 203
2319 2325 464
2319 2326 292
2320 2321 199
2320 2326 403
2320 2327 248
2321 2328 260
2321 2322 195
2321 2327 355
2322 2328 352
2322 2329 273
2322 2323 217
2323 2377 330
2323 2329 333
2323 2330 256
2323 2391 217
2324 2362 222
2324 2331 438
2324 2332 312
2324 2325 251
2325 2331 528
2325 2332 320
2325 2326 236
2326 2332 499
2326 2333 306
2326 2327 219
2327 2328 191
2327 2333 459
2327 2334 273
2328 2329 190
2328 2334 364
2328 2335 256
2329 2336 265
2329 2330 202
2329 2335 336
2330 2336 333
2330 2337 259
2330 2397 202
2330 2391 340
2331 2332 225
2332 2362 278
2332 2333 239
2333 2362 225
2333 2363 264
2333 2334 239
2334 2363 228
2334 2364 234
2334 2335 194
2335 2336 187
2335 2364 260
2335 2365 219
2336 2337 189
2336 2365 279
2336 2366 226
2337 2403 184
2337 2397 317
2337 2366 290
2337 2367 217
2338 2339 373
2338 2340 306
2338 2341 215
2338 2351 208
2339 2340 205
2339 2341 292
2339 2343 202
2339 2349 323
2339 2355 261
2340 2352 249
2340 2354 257
2340 2355 335
2340 2351 379
2341 2342 215
2341 2343 352
2342 2344 215
2342 2345 352
2342 2343 275
2343 2345 215
2343 2348 339
2343 2349 260
2344 2345 275
2344 2346 215
2344 2347 352
2345 2347 216
2345 2348 260
2345 2350 340
2346 2411 215
2346 2410 348
2346 2347 275
2347 2410 216
2347 2413 336
2347 2350 260
2348 2360 253
2348 2361 330
2348 2349 207
2348 2350 216
2349 2360 320
2349 2355 199
2349 2359 277
2350 2361 248
2350 2413 216
2350 2423 332
2351 2352 253
2352 2353 269
2352 2354 375
2353 2354 224
2353 2356 313
2353 2357 392
2354 2355 209
2354 2357 301
2354 2358 349
2355 2358 278
2355 2359 326
2356 2362 353
2356 2363 322
2356 2357 244
2357 2363 292
2357 2364 268
2357 2358 203
2358 2364 248
2358 2365 281
2358 2359 199
2359 2360 195
2359 2365 260
2359 2366 304
2360 2361 217
2360 2366 273
2360 2367 340
2361 2428 333
2361 2423 217
2361 2367 256
2362 2363 236
2363 2364 219
2364 2365 191
2365 2366 190
2366 2367 202
2367 2403 300
2367 2428 202
2368 2369 208
2368 2379 236
2368 2380 253
2368 2374 379
2369 2370 215
2369 2373 373
2369 2374 306
2370 2371 215
2370 2373 292
2370 2375 352
2371 2376 352
2371 2372 215
2371 2375 275
2372 2376 275
2373 2385 261
2373 2378 323
2373 2374 205
2373 2375 202
2374 2384 257
2374 2385 335
2374 2380 249
2375 2376 215
2375 2377 339
2375 2378 260
2376 2377 260
2377 2378 207
2377 2391 252
2378 2385 199
2378 2390 277
2378 2391 320
2379 2380 367
2379 2381 254
2379 2414 217
2380 2384 375
2380 2381 236
2380 2382 269
2381 2414 303
2381 2415 216
2381 2382 387
2381 2383 261
2382 2384 224
2382 2386 313
2382 2388 392
2382 2383 265
2383 2416 238
2383 2386 416
2383 2387 317
2383 2415 313
2384 2385 209
2384 2388 301
2384 2389 349
2385 2389 278
2385 2390 326
2386 2392 353
2386 2394 322
2386 2387 264
2386 2388 244
2387 2392 405
2387 2393 349
2387 2419 236
2387 2416 375
2388 2394 292
2388 2395 268
2388 2389 203
2389 2395 248
2389 2396 281
2389 2390 199
2390 2396 260
2390 2397 304
2390 2391 195
2391 2397 273
2392 2400 244
2392 2393 251
2392 2394 236
2392 2398 320
2393 2424 222
2393 2419 425
2393 2398 312
2393 2399 438
2394 2400 306
2394 2401 247
2394 2395 219
2395 2401 273
2395 2402 285
2395 2396 191
2396 2402 256
2396 2403 307
2396 2397 190
2397 2403 265
2398 2400 239
2398 2425 457
2398 2424 278
2398 2399 225
2399 2424 487
2400 2425 264
2400 2401 239
2400 2426 419
2401 2402 194
2401 2427 330
2401 2426 234
2402 2427 219
2402 2403 187
2402 2428 304
2403 2428 226
2404 2405 205
2404 2406 306
2404 2414 379
2404 2415 249
2404 2416 329
2404 2417 257
2404 2418 335
2405 2406 373
2405 2407 202
2405 2408 352
2405 2409 292
2405 2418 261
2406 2409 215
2406 2414 208
2407 2408 275
2407 2410 215
2407 2411 348
2407 2412 260
2407 2418 330
2408 2409 215
2408 2411 215
2410 2411 275
2410 2412 330
2410 2413 260
2412 2418 199
2412 2421 357
2412 2413 207
2412 2422 277
2413 2422 344
2413 2423 253
2414 2415 253
2415 2416 269
2416 2417 224
2416 2419 313
2417 2418 209
2417 2419 377
2417 2420 301
2418 2420 362
2418 2421 278
2419 2424 353
2419 2420 244
2420 2424 464
2420 2425 292
2420 2421 203
2421 2425 403
2421 2426 248
2421 2422 199
2422 2426 355
2422 2427 260
2422 2423 195
2423 2427 352
2423 2428 273
2424 2425 236
2425 2426 219
2426 2427 191
2427 2428 190
2429 2432 27
2429 2466 2000
2429 2431 401
2429 2430 400
2429 2463 27
2430 2437 21
2430 2431 10
2430 2443 28
2430 2448 31
2430 2453 28
2430 2458 21
2430 2462 10
2430 2463 400
2431 2432 400
2431 2437 12
2432 2466 2000
2432 2437 401
2432 2438 30
2432 2439 2000
2433 2465 10
2433 2434 400
2433 2435 400
2433 2436 10
2433 2442 21
2433 2447 28
2433 2452 32
2433 2457 29
2433 2461 21
2434 2464 27
2434 2465 401
2434 2466 2000
2434 2435 27
2435 2466 2000
2435 2436 400
2435 2439 2000
2435 2440 2000
2435 2441 30
2436 2441 400
2436 2442 12
2437 2443 12
2437 2438 400
2438 2440 2000
2438 2443 400
2438 2444 30
2438 2439 2000
2439 2440 60
2439 2466 54
2440 2441 2000
2440 2444 2000
2440 2445 60
2441 2442 400
2441 2445 2000
2441 2446 30
2442 2446 401
2442 2447 12
2443 2448 10
2443 2444 400
2444 2448 400
2444 2449 27
2444 2445 2000
2445 2449 2000
2445 2450 54
2445 2446 2000
2446 2450 2000
2446 2451 27
2446 2447 400
2447 2451 401
2447 2452 10
2448 2449 400
2448 2453 10
2449 2450 2000
2449 2453 401
2449 2454 27
2450 2451 2000
2450 2454 2000
2450 2455 54
2451 2456 27
2451 2452 400
2451 2455 2000
2452 2456 400
2452 2457 10
2453 2458 12
2453 2454 400
2454 2497 497
2454 2458 401
2454 2459 30
2454 2455 2000
2455 2497 1532
2455 2506 596
2455 2507 465
2455 2509 688
2455 2456 2000
2456 2504 1132
2456 2506 1824
2456 2457 400
2456 2490 848
2456 2460 38
2457 2460 401
2457 2461 12
2458 2459 400
2458 2462 12
2459 2497 496
2459 2471 2000
2459 2474 500
2459 2462 400
2459 2463 30
2460 2464 21
2460 2470 500
2460 2471 2000
2460 2489 1150
2460 2490 843
2460 2461 400
2461 2464 401
2461 2465 12
2462 2463 400
2463 2466 2000
2463 2467 2000
2463 2471 2000
2464 2465 400
2464 2466 2000
2464 2467 2000
2464 2471 2000
2466 2467 54
2467 2471 51
2468 2469 702
2468 2470 1036
2468 2485 728
2468 2486 553
2468 2489 358
2468 2491 470
2469 2475 500
2469 2491 934
2469 2470 500
2469 2471 1000
2470 2489 774
2470 2471 1500
2471 2472 500
2471 2473 1000
2471 2474 1500
2471 2475 500
2471 2492 454
2471 2493 713
2472 2473 500
2472 2493 339
2473 2496 221
2473 2474 500
2473 2493 470
2474 2496 475
2474 2497 147
2475 2491 580
2475 2492 822
2476 2498 572
2476 2477 537
2476 2478 563
2476 2479 372
2476 2480 494
2476 2481 675
2477 2481 309
2477 2478 407
2477 2487 599
2478 2488 666
2478 2487 797
2478 2498 390
2478 2479 733
2479 2498 884
2480 2498 460
2480 2481 257
2480 2482 483
2480 2499 310
2481 2482 412
2481 2485 671
2481 2486 569
2481 2487 641
2482 2499 463
2482 2500 569
2482 2502 739
2482 2483 460
2482 2484 604
2482 2485 520
2483 2500 611
2483 2484 248
2483 2501 307
2483 2494 455
2484 2491 678
2484 2492 432
2484 2485 435
2484 2494 433
2485 2491 468
2485 2486 387
2486 2489 799
2486 2487 306
2487 2488 422
2487 2489 708
2488 2498 675
2488 2489 782
2488 2490 843
2488 2503 418
2489 2490 470
2490 2504 458
2490 2503 975
2491 2492 446
2492 2493 447
2492 2494 640
2493 2496 440
2493 2494 389
2493 2495 508
2494 2501 495
2494 2508 515
2494 2509 408
2494 2495 454
2495 2496 197
2495 2497 454
2495 2508 224
2496 2497 457
2497 2508 510
2497 2509 948
2498 2499 309
2498 2502 678
2498 2503 599
2499 2502 569
2500 2506 468
2500 2507 577
2500 2501 435
2500 2502 387
2501 2507 432
2501 2509 560
2502 2505 553
2502 2506 593
2502 2503 306
2503 2504 708
2503 2505 605
2504 2505 358
2504 2506 819
2505 2506 470
2506 2507 446
2507 2509 447
2508 2509 440
