1177 V=1177 E=3432
0 1 5
0 162 37
0 2 38
0 3 37
0 4 3
0 163 37
1 162 38
1 161 37
1 2 37
2 3 5
2 14 36
3 4 37
3 5 3
3 14 36
3 15 35
4 163 37
4 164 37
4 5 37
4 6 2
5 16 35
5 15 36
5 6 37
5 7 2
6 8 3
6 164 37
6 165 38
6 7 37
7 8 38
7 9 3
7 16 36
7 17 36
8 9 38
8 10 4
8 165 38
8 166 39
9 18 37
9 17 36
9 10 39
9 11 4
10 11 39
10 12 6
10 166 39
10 167 40
11 18 37
11 19 38
11 12 40
11 13 6
12 168 28
12 306 51
12 13 40
12 167 40
13 168 51
13 169 29
13 19 38
13 20 38
14 21 35
14 15 5
15 16 3
15 21 35
15 22 35
16 17 2
16 22 35
16 23 35
17 24 35
17 18 3
17 23 35
18 24 36
18 25 36
18 19 4
19 25 37
19 26 37
19 20 6
20 169 49
20 26 38
20 27 38
20 180 29
21 28 35
21 22 5
22 28 35
22 29 35
22 23 3
23 24 2
23 29 35
23 30 35
24 25 3
24 30 35
24 31 35
25 32 36
25 26 4
25 31 36
26 32 37
26 33 37
26 27 6
27 186 29
27 33 38
27 34 38
27 180 49
28 35 36
28 29 5
29 35 36
29 36 35
29 30 3
30 36 36
30 37 35
30 31 2
31 32 3
31 37 36
31 38 36
32 33 4
32 38 36
32 39 37
33 40 38
33 34 6
33 39 37
34 40 39
34 41 38
34 186 49
34 192 29
35 42 37
35 36 5
36 42 38
36 43 37
36 37 3
37 43 37
37 44 37
37 38 2
38 44 37
38 45 37
38 39 3
39 40 4
39 45 38
39 46 38
40 41 6
40 46 39
40 47 39
41 48 40
41 192 49
41 198 29
41 47 40
42 49 37
42 43 5
43 49 38
43 50 37
43 44 3
44 50 37
44 51 37
44 45 2
45 51 37
45 52 37
45 46 3
46 52 38
46 53 38
46 47 4
47 48 6
47 53 39
47 54 39
48 204 28
48 198 51
48 54 40
48 55 40
49 56 36
49 50 5
50 56 36
50 57 35
50 51 3
51 57 36
51 58 35
51 52 2
52 58 36
52 59 36
52 53 3
53 59 36
53 60 37
53 54 4
54 60 37
54 61 38
54 55 6
55 210 29
55 204 51
55 61 38
55 62 38
56 57 5
56 63 35
57 64 35
57 58 3
57 63 35
58 64 35
58 65 35
58 59 2
59 65 35
59 66 35
59 60 3
60 66 36
60 67 36
60 61 4
61 67 37
61 68 37
61 62 6
62 216 29
62 210 49
62 68 38
62 69 38
63 64 5
63 70 35
64 65 3
64 70 35
64 71 35
65 72 35
65 66 2
65 71 35
66 72 35
66 73 35
66 67 3
67 73 36
67 74 36
67 68 4
68 74 37
68 75 37
68 69 6
69 216 49
69 75 38
69 76 38
69 222 29
70 77 36
70 71 5
71 72 3
71 77 36
71 78 35
72 73 2
72 78 36
72 79 35
73 80 36
73 74 3
73 79 36
74 80 36
74 81 37
74 75 4
75 81 37
75 82 38
75 76 6
76 82 39
76 83 38
76 228 29
76 222 49
77 84 37
77 78 5
78 84 38
78 85 37
78 79 3
79 80 2
79 85 37
79 86 37
80 81 3
80 86 37
80 87 37
81 88 38
81 82 4
81 87 38
82 88 39
82 89 39
82 83 6
83 89 40
83 90 40
83 234 29
83 228 49
84 91 37
84 85 5
85 91 38
85 92 37
85 86 3
86 92 37
86 93 37
86 87 2
87 88 3
87 93 37
87 94 37
88 89 4
88 94 38
88 95 38
89 96 39
89 90 6
89 95 39
90 96 40
90 97 40
90 234 51
90 240 28
91 98 36
91 92 5
92 98 36
92 99 35
92 93 3
93 99 36
93 100 35
93 94 2
94 100 36
94 101 36
94 95 3
95 96 4
95 101 36
95 102 37
96 97 6
96 102 37
96 103 38
97 104 38
97 240 51
97 246 29
97 103 38
98 105 35
98 99 5
99 105 35
99 106 35
99 100 3
100 106 35
100 107 35
100 101 2
101 107 35
101 108 35
101 102 3
102 108 36
102 109 36
102 103 4
103 104 6
103 109 37
103 110 37
104 246 49
104 252 29
104 110 38
104 111 38
105 112 35
105 106 5
106 112 35
106 113 35
106 107 3
107 113 35
107 114 35
107 108 2
108 114 35
108 115 35
108 109 3
109 115 36
109 116 36
109 110 4
110 116 37
110 117 37
110 111 6
111 258 29
111 252 49
111 117 38
111 118 38
112 113 5
112 119 36
113 120 35
113 114 3
113 119 36
114 120 36
114 121 35
114 115 2
115 121 36
115 122 36
115 116 3
116 122 36
116 123 37
116 117 4
117 123 37
117 124 38
117 118 6
118 264 29
118 258 49
118 124 39
118 125 38
119 120 5
119 126 37
120 121 3
120 126 38
120 127 37
121 128 37
121 122 2
121 127 37
122 128 37
122 129 37
122 123 3
123 129 38
123 130 38
123 124 4
124 130 39
124 131 39
124 125 6
125 264 49
125 131 40
125 132 40
125 270 29
126 133 37
126 127 5
127 128 3
127 133 38
127 134 37
128 129 2
128 134 37
128 135 37
129 136 37
129 130 3
129 135 37
130 136 38
130 137 38
130 131 4
131 137 39
131 138 39
131 132 6
132 138 40
132 139 40
132 276 28
132 270 51
133 140 36
133 134 5
134 140 36
134 141 35
134 135 3
135 136 2
135 141 36
135 142 35
136 137 3
136 142 36
136 143 36
137 144 37
137 138 4
137 143 36
138 144 37
138 145 38
138 139 6
139 145 38
139 146 38
139 282 29
139 276 51
140 147 35
140 141 5
141 147 35
141 148 35
141 142 3
142 148 35
142 149 35
142 143 2
143 144 3
143 149 35
143 150 35
144 145 4
144 150 36
144 151 36
145 152 37
145 146 6
145 151 37
146 152 38
146 153 38
146 282 49
146 288 29
147 154 35
147 148 5
148 154 35
148 155 35
148 149 3
149 155 35
149 156 35
149 150 2
150 156 35
150 157 35
150 151 3
151 152 4
151 157 36
151 158 36
152 153 6
152 158 37
152 159 37
153 160 38
153 288 49
153 294 29
153 159 38
154 161 36
154 155 5
155 161 36
155 162 35
155 156 3
156 162 36
156 163 35
156 157 2
157 163 36
157 164 36
157 158 3
158 164 36
158 165 37
158 159 4
159 160 6
159 165 37
159 166 38
160 294 49
160 300 29
160 166 39
160 167 38
161 162 5
162 163 3
163 164 2
164 165 3
165 166 4
166 167 6
167 306 29
167 300 49
168 169 43
168 170 28
168 307 53
168 306 43
169 170 53
169 171 28
169 180 42
170 307 47
170 171 47
170 172 27
170 308 55
171 180 52
171 172 55
171 173 27
171 181 45
172 309 57
172 308 49
172 173 49
172 174 26
173 182 47
173 181 54
173 174 57
173 175 26
174 176 24
174 309 52
174 310 58
174 175 52
175 176 58
175 177 24
175 182 55
175 183 49
176 177 53
176 178 23
176 310 53
176 311 58
177 184 51
177 178 58
177 179 23
177 183 56
178 312 20
178 450 57
178 179 54
178 311 54
179 184 56
179 185 51
179 312 57
179 313 20
180 186 41
180 181 28
181 186 51
181 187 44
181 182 27
182 187 53
182 188 46
182 183 26
183 184 24
183 188 54
183 189 49
184 185 23
184 189 55
184 190 50
185 313 55
185 324 20
185 190 55
185 191 50
186 192 41
186 187 28
187 192 51
187 193 44
187 188 27
188 193 53
188 194 46
188 189 26
189 194 54
189 195 49
189 190 24
190 195 55
190 196 50
190 191 23
191 330 20
191 196 55
191 197 50
191 324 54
192 193 28
192 198 42
193 194 27
193 198 52
193 199 45
194 200 47
194 195 26
194 199 54
195 200 55
195 201 49
195 196 24
196 201 56
196 202 51
196 197 23
197 336 20
197 202 56
197 203 51
197 330 54
198 204 43
198 199 28
199 200 27
199 204 53
199 205 47
200 201 26
200 205 55
200 206 49
201 202 24
201 206 57
201 207 52
202 208 53
202 203 23
202 207 58
203 208 58
203 209 54
203 336 55
203 342 20
204 210 43
204 205 28
205 210 53
205 211 47
205 206 27
206 211 55
206 212 49
206 207 26
207 208 24
207 212 57
207 213 52
208 209 23
208 213 58
208 214 53
209 342 57
209 348 20
209 214 58
209 215 54
210 216 42
210 211 28
211 216 52
211 217 45
211 212 27
212 217 54
212 218 47
212 213 26
213 218 55
213 219 49
213 214 24
214 219 56
214 220 51
214 215 23
215 354 20
215 220 56
215 221 51
215 348 57
216 217 28
216 222 41
217 218 27
217 222 51
217 223 44
218 224 46
218 219 26
218 223 53
219 224 54
219 225 49
219 220 24
220 225 55
220 226 50
220 221 23
221 360 20
221 226 55
221 227 50
221 354 55
222 228 41
222 223 28
223 224 27
223 228 51
223 229 44
224 225 26
224 229 53
224 230 46
225 226 24
225 230 54
225 231 49
226 232 50
226 227 23
226 231 55
227 232 55
227 233 50
227 360 54
227 366 20
228 234 42
228 229 28
229 234 52
229 235 45
229 230 27
230 235 54
230 236 47
230 231 26
231 232 24
231 236 55
231 237 49
232 233 23
232 237 56
232 238 51
233 366 54
233 372 20
233 238 56
233 239 51
234 240 43
234 235 28
235 240 53
235 241 47
235 236 27
236 241 55
236 242 49
236 237 26
237 242 57
237 243 52
237 238 24
238 243 58
238 244 53
238 239 23
239 372 55
239 378 20
239 244 58
239 245 54
240 241 28
240 246 43
241 242 27
241 246 53
241 247 47
242 248 49
242 243 26
242 247 55
243 248 57
243 249 52
243 244 24
244 249 58
244 250 53
244 245 23
245 384 20
245 923 12
245 378 57
245 250 58
245 251 54
245 861 25
245 862 28
245 863 12
246 252 42
246 247 28
247 248 27
247 252 52
247 253 45
248 249 26
248 253 54
248 254 47
249 250 24
249 254 55
249 255 49
250 256 51
250 251 23
250 255 56
251 256 56
251 257 51
251 384 57
251 390 20
252 258 41
252 253 28
253 258 51
253 259 44
253 254 27
254 259 53
254 260 46
254 255 26
255 256 24
255 260 54
255 261 49
256 257 23
256 261 55
256 262 50
257 390 55
257 396 20
257 262 55
257 263 50
258 264 41
258 259 28
259 264 51
259 265 44
259 260 27
260 265 53
260 266 46
260 261 26
261 266 54
261 267 49
261 262 24
262 267 55
262 268 50
262 263 23
263 396 54
263 402 20
263 268 55
263 269 50
264 265 28
264 270 42
265 266 27
265 270 52
265 271 45
266 272 47
266 267 26
266 271 54
267 272 55
267 273 49
267 268 24
268 273 56
268 274 51
268 269 23
269 408 20
269 274 56
269 275 51
269 402 54
270 276 43
270 271 28
271 272 27
271 276 53
271 277 47
272 273 26
272 277 55
272 278 49
273 274 24
273 278 57
273 279 52
274 280 53
274 275 23
274 279 58
275 280 58
275 281 54
275 408 55
275 414 20
276 282 43
276 277 28
277 282 53
277 283 47
277 278 27
278 283 55
278 284 49
278 279 26
279 280 24
279 284 57
279 285 52
280 281 23
280 285 58
280 286 53
281 414 57
281 420 20
281 286 58
281 287 54
282 288 42
282 283 28
283 288 52
283 289 45
283 284 27
284 289 54
284 290 47
284 285 26
285 290 55
285 291 49
285 286 24
286 291 56
286 292 51
286 287 23
287 426 20
287 420 57
287 292 56
287 293 51
288 289 28
288 294 41
289 290 27
289 294 51
289 295 44
290 296 46
290 291 26
290 295 53
291 296 54
291 297 49
291 292 24
292 297 55
292 298 50
292 293 23
293 426 55
293 298 55
293 299 50
293 432 20
294 300 41
294 295 28
295 296 27
295 300 51
295 301 44
296 297 26
296 301 53
296 302 46
297 298 24
297 302 54
297 303 49
298 304 50
298 299 23
298 303 55
299 304 55
299 305 50
299 438 20
299 432 54
300 306 42
300 301 28
301 306 52
301 307 45
301 302 27
302 307 54
302 308 47
302 303 26
303 304 24
303 308 55
303 309 49
304 305 23
304 309 56
304 310 51
305 444 20
305 438 54
305 310 56
305 311 51
306 307 28
307 308 27
308 309 26
309 310 24
310 311 23
311 450 20
311 444 55
312 313 53
312 314 19
312 451 55
312 450 53
313 314 55
313 315 19
313 324 50
314 452 52
314 315 50
314 316 18
314 451 50
315 325 48
315 316 52
315 317 18
315 324 53
316 453 48
316 452 47
316 317 47
316 318 16
317 326 45
317 325 50
317 318 48
317 319 16
318 320 12
318 453 44
318 454 44
318 319 44
319 320 44
319 321 12
319 326 46
319 327 42
320 321 41
320 322 6
320 454 41
320 455 41
321 328 39
321 322 41
321 323 6
321 327 42
322 465 3
322 466 40
322 323 40
322 455 40
323 328 39
323 329 38
323 576 3
323 465 40
324 330 49
324 325 19
325 330 52
325 331 47
325 326 18
326 331 49
326 332 44
326 327 16
327 328 12
327 332 45
327 333 41
328 329 6
328 333 42
328 334 39
329 576 38
329 571 3
329 334 39
329 335 38
330 336 49
330 331 19
331 336 52
331 337 47
331 332 18
332 337 49
332 338 44
332 333 16
333 338 45
333 339 41
333 334 12
334 339 42
334 340 39
334 335 6
335 571 38
335 340 39
335 341 38
335 566 3
336 337 19
336 342 50
337 338 18
337 342 53
337 343 48
338 344 45
338 339 16
338 343 50
339 344 46
339 345 42
339 340 12
340 345 42
340 346 39
340 341 6
341 561 3
341 346 39
341 347 38
341 566 38
342 348 53
342 343 19
343 344 18
343 348 55
343 349 50
344 345 16
344 349 52
344 350 47
345 346 12
345 350 48
345 351 44
346 352 41
346 347 6
346 351 44
347 352 41
347 353 40
347 556 3
347 561 38
348 354 53
348 349 19
349 354 55
349 355 50
349 350 18
350 355 52
350 356 47
350 351 16
351 352 12
351 356 48
351 357 44
352 353 6
352 357 44
352 358 41
353 556 40
353 551 3
353 358 41
353 359 40
354 360 50
354 355 19
355 360 53
355 361 48
355 356 18
356 361 50
356 362 45
356 357 16
357 362 46
357 363 42
357 358 12
358 363 42
358 364 39
358 359 6
359 546 3
359 364 39
359 365 38
359 551 40
360 361 19
360 366 49
361 362 18
361 366 52
361 367 47
362 368 44
362 363 16
362 367 49
363 368 45
363 369 41
363 364 12
364 369 42
364 370 39
364 365 6
365 370 39
365 371 38
365 546 38
365 541 3
366 372 49
366 367 19
367 368 18
367 372 52
367 373 47
368 369 16
368 373 49
368 374 44
369 370 12
369 374 45
369 375 41
370 376 39
370 371 6
370 375 42
371 376 39
371 377 38
371 541 38
371 536 3
372 378 50
372 373 19
373 378 53
373 379 48
373 374 18
374 379 50
374 380 45
374 375 16
375 376 12
375 380 46
375 381 42
376 377 6
376 381 42
376 382 39
377 536 38
377 531 3
377 382 39
377 383 38
378 384 53
378 379 19
379 384 55
379 385 50
379 380 18
380 385 52
380 386 47
380 381 16
381 386 48
381 387 44
381 382 12
382 387 44
382 388 41
382 383 6
383 531 38
383 388 41
383 389 40
383 526 3
384 385 19
384 390 53
385 386 18
385 390 55
385 391 50
386 392 47
386 387 16
386 391 52
387 392 48
387 393 44
387 388 12
388 393 44
388 394 41
388 389 6
389 521 3
389 394 41
389 395 40
389 526 40
390 396 50
390 391 19
391 392 18
391 396 53
391 397 48
392 393 16
392 397 50
392 398 45
393 394 12
393 398 46
393 399 42
394 400 39
394 395 6
394 399 42
395 400 39
395 401 38
395 516 3
395 521 40
396 402 49
396 397 19
397 402 52
397 403 47
397 398 18
398 403 49
398 404 44
398 399 16
399 400 12
399 404 45
399 405 41
400 401 6
400 405 42
400 406 39
401 511 3
401 516 38
401 406 39
401 407 38
402 408 49
402 403 19
403 408 52
403 409 47
403 404 18
404 409 49
404 410 44
404 405 16
405 410 45
405 411 41
405 406 12
406 411 42
406 412 39
406 407 6
407 506 3
407 412 39
407 413 38
407 511 38
408 409 19
408 414 50
409 410 18
409 414 53
409 415 48
410 416 45
410 411 16
410 415 50
411 416 46
411 417 42
411 412 12
412 417 42
412 418 39
412 413 6
413 506 38
413 418 39
413 419 38
413 501 3
414 420 53
414 415 19
415 416 18
415 420 55
415 421 50
416 417 16
416 421 52
416 422 47
417 418 12
417 422 48
417 423 44
418 424 41
418 419 6
418 423 44
419 424 41
419 425 40
419 501 38
419 496 3
420 426 53
420 421 19
421 426 55
421 427 50
421 422 18
422 427 52
422 428 47
422 423 16
423 424 12
423 428 48
423 429 44
424 425 6
424 429 44
424 430 41
425 496 40
425 491 3
425 430 41
425 431 40
426 432 50
426 427 19
427 432 53
427 433 48
427 428 18
428 433 50
428 434 45
428 429 16
429 434 46
429 435 42
429 430 12
430 435 42
430 436 39
430 431 6
431 491 40
431 436 39
431 437 38
431 486 3
432 433 19
432 438 49
433 434 18
433 438 52
433 439 47
434 440 44
434 435 16
434 439 49
435 440 45
435 441 41
435 436 12
436 441 42
436 442 39
436 437 6
437 481 3
437 442 39
437 443 38
437 486 38
438 444 49
438 439 19
439 440 18
439 444 52
439 445 47
440 441 16
440 445 49
440 446 44
441 442 12
441 446 45
441 447 41
442 448 39
442 443 6
442 447 42
443 448 39
443 449 38
443 476 3
443 481 38
444 450 50
444 445 19
445 450 53
445 451 48
445 446 18
446 451 50
446 452 45
446 447 16
447 448 12
447 452 46
447 453 42
448 449 6
448 453 42
448 454 39
449 471 3
449 476 38
449 454 39
449 455 38
450 451 19
451 452 18
452 453 16
453 454 12
454 455 6
455 466 3
455 471 38
456 457 60
456 458 16
456 459 41
456 572 16
456 573 46
457 512 60
457 517 60
457 522 60
457 527 60
457 532 60
457 537 60
457 542 60
457 547 60
457 552 60
457 557 60
457 562 60
457 567 60
457 572 60
457 458 60
457 467 60
457 472 60
457 477 60
457 482 60
457 487 60
457 492 60
457 497 60
457 502 60
457 507 60
458 459 46
458 460 41
458 467 15
459 573 27
459 460 27
459 461 26
459 574 40
460 467 46
460 468 26
460 461 40
460 462 26
461 574 34
461 575 39
461 462 34
461 463 14
462 464 14
462 468 39
462 469 33
462 463 39
463 464 38
463 465 6
463 576 40
463 575 38
464 465 40
464 466 6
464 469 37
464 470 37
465 576 40
465 466 40
466 470 38
466 471 38
467 472 15
467 468 41
468 472 46
468 473 26
468 469 26
469 473 39
469 474 32
469 470 14
470 474 37
470 475 36
470 471 6
471 475 37
471 476 37
472 473 41
472 477 15
473 474 26
473 477 46
473 478 26
474 475 14
474 478 39
474 479 32
475 480 36
475 476 6
475 479 37
476 480 37
476 481 37
477 482 15
477 478 41
478 482 46
478 483 26
478 479 26
479 480 14
479 483 39
479 484 33
480 481 6
480 484 38
480 485 37
481 485 38
481 486 38
482 483 41
482 487 16
483 488 27
483 484 26
483 487 46
484 488 40
484 489 34
484 485 14
485 489 39
485 490 38
485 486 6
486 490 40
486 491 40
487 488 41
487 492 16
488 489 26
488 492 46
488 493 27
489 490 14
489 493 40
489 494 34
490 491 6
490 494 39
490 495 38
491 496 40
491 495 40
492 497 15
492 493 41
493 497 46
493 498 26
493 494 26
494 498 39
494 499 33
494 495 14
495 496 6
495 499 37
495 500 37
496 500 38
496 501 38
497 498 41
497 502 15
498 499 26
498 502 46
498 503 26
499 504 32
499 500 14
499 503 39
500 504 37
500 505 36
500 501 6
501 505 37
501 506 37
502 507 15
502 503 41
503 504 26
503 507 46
503 508 26
504 505 14
504 508 39
504 509 32
505 506 6
505 509 37
505 510 36
506 510 37
506 511 37
507 512 15
507 508 41
508 512 46
508 513 26
508 509 26
509 513 39
509 514 33
509 510 14
510 514 38
510 515 37
510 511 6
511 515 38
511 516 38
512 513 41
512 517 16
513 514 26
513 517 46
513 518 27
514 515 14
514 518 40
514 519 34
515 520 38
515 516 6
515 519 39
516 520 40
516 521 40
517 522 16
517 518 41
518 522 46
518 523 27
518 519 26
519 520 14
519 523 40
519 524 34
520 521 6
520 524 39
520 525 38
521 525 40
521 526 40
522 523 41
522 527 15
523 528 26
523 524 26
523 527 46
524 528 39
524 529 33
524 525 14
525 529 37
525 530 37
525 526 6
526 530 38
526 531 38
527 528 41
527 532 15
528 529 26
528 532 46
528 533 26
529 530 14
529 533 39
529 534 32
530 531 6
530 534 37
530 535 36
531 536 37
531 535 37
532 537 15
532 533 41
533 537 46
533 538 26
533 534 26
534 538 39
534 539 32
534 535 14
535 536 6
535 539 37
535 540 36
536 540 37
536 541 37
537 538 41
537 542 15
538 539 26
538 542 46
538 543 26
539 544 33
539 540 14
539 543 39
540 544 38
540 545 37
540 541 6
541 545 38
541 546 38
542 547 16
542 543 41
543 544 26
543 547 46
543 548 27
544 545 14
544 548 40
544 549 34
545 546 6
545 549 39
545 550 38
546 550 40
546 551 40
547 552 16
547 548 41
548 552 46
548 553 27
548 549 26
549 553 40
549 554 34
549 550 14
550 554 39
550 555 38
550 551 6
551 555 40
551 556 40
552 553 41
552 557 15
553 554 26
553 557 46
553 558 26
554 555 14
554 558 39
554 559 33
555 560 37
555 556 6
555 559 37
556 560 38
556 561 38
557 562 15
557 558 41
558 562 46
558 563 26
558 559 26
559 560 14
559 563 39
559 564 32
560 561 6
560 564 37
560 565 36
561 565 37
561 566 37
562 563 41
562 567 15
563 568 26
563 564 26
563 567 46
564 568 39
564 569 32
564 565 14
565 569 37
565 570 36
565 566 6
566 570 37
566 571 37
567 568 41
567 572 15
568 569 26
568 572 46
568 573 26
569 570 14
569 573 39
569 574 33
570 571 6
570 574 38
570 575 37
571 576 38
571 575 38
572 573 41
573 574 26
574 575 14
575 576 6
577 578 9
577 579 10
577 580 5
577 624 5
577 625 16
577 763 17
578 1088 13
578 579 4
578 623 4
578 624 10
578 1087 11
579 1088 11
579 580 9
579 581 4
579 1092 12
580 625 17
580 626 16
580 581 10
580 582 5
581 1096 12
581 1092 11
581 582 9
581 583 4
582 584 5
582 626 17
582 637 16
582 583 10
583 584 9
583 585 4
583 1096 11
583 1100 12
584 585 10
584 586 5
584 643 16
584 637 17
585 1104 12
585 586 9
585 587 4
585 1100 11
586 649 16
586 587 10
586 588 5
586 643 17
587 1104 11
587 588 9
587 589 4
587 1108 12
588 649 17
588 589 10
588 590 5
588 655 16
589 1112 13
589 1108 11
589 590 9
589 591 4
590 592 5
590 655 17
590 661 16
590 591 10
591 592 9
591 593 4
591 1112 11
591 1116 12
592 593 10
592 594 5
592 667 16
592 661 17
593 1120 12
593 594 9
593 595 4
593 1116 11
594 673 16
594 595 10
594 596 5
594 667 17
595 1120 11
595 1124 12
595 596 9
595 597 4
596 673 17
596 597 10
596 598 5
596 679 16
597 1128 12
597 1124 11
597 598 9
597 599 4
598 600 5
598 679 17
598 685 16
598 599 10
599 600 9
599 601 4
599 1132 12
599 1128 11
600 601 10
600 602 5
600 691 16
600 685 17
601 1136 13
601 602 9
601 603 4
601 1132 11
602 697 16
602 603 10
602 604 5
602 691 17
603 1136 11
603 1140 12
603 604 9
603 605 4
604 697 17
604 605 10
604 606 5
604 703 16
605 1144 12
605 1140 11
605 606 9
605 607 4
606 608 5
606 703 17
606 709 16
606 607 10
607 608 9
607 609 4
607 1148 12
607 1144 11
608 609 10
608 610 5
608 715 16
608 709 17
609 1152 12
609 610 9
609 611 4
609 1148 11
610 721 16
610 611 10
610 612 5
610 715 17
611 1152 11
611 1156 12
611 612 9
611 613 4
612 721 17
612 613 10
612 614 5
612 727 16
613 1160 13
613 1156 11
613 614 9
613 615 4
614 616 5
614 727 17
614 733 16
614 615 10
615 616 9
615 617 4
615 1164 12
615 1160 11
616 617 10
616 618 5
616 739 16
616 733 17
617 1168 12
617 618 9
617 619 4
617 1164 11
618 745 16
618 619 10
618 620 5
618 739 17
619 1168 11
619 1172 12
619 620 9
619 621 4
620 745 17
620 621 10
620 622 5
620 751 16
621 1176 12
621 1172 11
621 622 9
621 623 4
622 624 5
622 751 17
622 757 16
622 623 10
623 624 9
623 1176 11
623 1087 12
624 763 16
624 757 17
625 626 9
625 627 22
625 764 25
625 763 9
626 627 25
626 628 22
626 637 9
627 765 31
627 764 15
627 628 15
627 629 25
628 637 25
628 638 14
628 629 31
628 630 25
629 766 34
629 765 22
629 630 22
629 631 23
630 632 23
630 639 21
630 638 30
630 631 34
631 632 28
631 633 17
631 766 28
631 767 35
632 640 27
632 633 35
632 634 17
632 639 33
633 768 35
633 634 33
633 635 9
633 767 33
634 640 34
634 641 31
634 635 35
634 636 9
635 768 35
635 636 35
636 641 34
636 642 33
637 643 8
637 638 22
638 643 25
638 644 14
638 639 25
639 640 23
639 644 30
639 645 21
640 641 18
640 645 33
640 646 26
641 642 9
641 646 34
641 647 31
642 648 33
642 647 33
643 649 8
643 644 22
644 649 25
644 650 14
644 645 25
645 650 30
645 651 21
645 646 23
646 651 33
646 652 26
646 647 18
647 648 9
647 652 34
647 653 31
648 653 33
648 654 33
649 650 22
649 655 9
650 656 14
650 651 25
650 655 25
651 656 31
651 657 21
651 652 23
652 657 34
652 658 27
652 653 18
653 658 34
653 659 31
653 654 9
654 659 34
654 660 33
655 656 22
655 661 9
656 657 25
656 661 25
656 662 15
657 658 23
657 662 31
657 663 22
658 664 28
658 659 17
658 663 34
659 664 35
659 665 33
659 660 9
660 665 35
660 666 35
661 667 9
661 662 22
662 667 25
662 668 15
662 663 25
663 664 23
663 668 31
663 669 22
664 665 17
664 669 34
664 670 28
665 666 9
665 670 35
665 671 33
666 672 35
666 671 35
667 673 9
667 668 22
668 673 25
668 674 14
668 669 25
669 674 30
669 675 21
669 670 23
670 675 33
670 676 27
670 671 17
671 672 9
671 676 34
671 677 31
672 677 34
672 678 33
673 674 22
673 679 8
674 680 14
674 675 25
674 679 25
675 680 30
675 681 21
675 676 23
676 681 33
676 682 26
676 677 18
677 682 34
677 683 31
677 678 9
678 683 33
678 684 33
679 680 22
679 685 8
680 681 25
680 685 25
680 686 14
681 682 23
681 686 30
681 687 21
682 688 26
682 683 18
682 687 33
683 688 34
683 689 31
683 684 9
684 689 33
684 690 33
685 691 9
685 686 22
686 691 25
686 692 14
686 687 25
687 688 23
687 692 31
687 693 21
688 689 18
688 693 34
688 694 27
689 690 9
689 694 34
689 695 31
690 696 33
690 695 34
691 697 9
691 692 22
692 697 25
692 698 15
692 693 25
693 698 31
693 699 22
693 694 23
694 699 34
694 700 28
694 695 17
695 696 9
695 700 35
695 701 33
696 701 35
696 702 35
697 698 22
697 703 9
698 704 15
698 699 25
698 703 25
699 704 31
699 705 22
699 700 23
700 705 34
700 706 28
700 701 17
701 706 35
701 707 33
701 702 9
702 707 35
702 708 35
703 704 22
703 709 9
704 705 25
704 709 25
704 710 14
705 706 23
705 710 30
705 711 21
706 712 27
706 707 17
706 711 33
707 712 34
707 713 31
707 708 9
708 713 34
708 714 33
709 715 8
709 710 22
710 715 25
710 716 14
710 711 25
711 712 23
711 716 30
711 717 21
712 713 18
712 717 33
712 718 26
713 714 9
713 718 34
713 719 31
714 720 33
714 719 33
715 721 8
715 716 22
716 721 25
716 722 14
716 717 25
717 722 30
717 723 21
717 718 23
718 723 33
718 724 26
718 719 18
719 720 9
719 724 34
719 725 31
720 725 33
720 726 33
721 722 22
721 727 9
722 728 14
722 723 25
722 727 25
723 728 31
723 729 21
723 724 23
724 729 34
724 730 27
724 725 18
725 730 34
725 731 31
725 726 9
726 731 34
726 732 33
727 728 22
727 733 9
728 729 25
728 733 25
728 734 15
729 730 23
729 734 31
729 735 22
730 736 28
730 731 17
730 735 34
731 736 35
731 737 33
731 732 9
732 737 35
732 738 35
733 739 9
733 734 22
734 739 25
734 740 15
734 735 25
735 736 23
735 740 31
735 741 22
736 737 17
736 741 34
736 742 28
737 738 9
737 742 35
737 743 33
738 744 35
738 743 35
739 745 9
739 740 22
740 745 25
740 746 14
740 741 25
741 746 30
741 747 21
741 742 23
742 747 33
742 748 27
742 743 17
743 744 9
743 748 34
743 749 31
744 749 34
744 750 33
745 746 22
745 751 8
746 752 14
746 747 25
746 751 25
747 752 30
747 753 21
747 748 23
748 753 33
748 754 26
748 749 18
749 754 34
749 755 31
749 750 9
750 755 33
750 756 33
751 752 22
751 757 8
752 753 25
752 757 25
752 758 14
753 754 23
753 758 30
753 759 21
754 760 26
754 755 18
754 759 33
755 760 34
755 761 31
755 756 9
756 761 33
756 762 33
757 763 9
757 758 22
758 763 25
758 764 14
758 759 25
759 760 23
759 764 31
759 765 21
760 761 18
760 765 34
760 766 27
761 762 9
761 766 34
761 767 31
762 768 33
762 767 34
763 764 22
764 765 25
765 766 23
766 767 17
767 768 9
769 770 32
769 771 35
769 772 12
769 773 27
769 847 12
769 848 30
770 771 12
770 846 12
770 847 35
771 772 33
771 783 8
772 784 8
772 773 29
772 774 27
772 783 36
773 848 12
773 849 26
773 774 12
773 775 21
774 776 22
774 784 28
774 785 8
774 775 24
775 776 12
775 777 16
775 850 21
775 849 12
776 777 19
776 778 16
776 786 9
776 785 21
777 851 18
777 778 12
777 779 11
777 850 12
778 787 9
778 786 16
778 779 16
778 780 12
779 851 12
779 780 12
779 781 10
779 852 16
780 787 13
780 788 9
780 781 16
780 782 10
781 918 18
781 852 12
781 853 13
781 782 12
782 853 18
782 788 14
782 789 9
782 854 13
783 784 35
783 790 6
784 785 29
784 790 38
784 791 5
785 792 6
785 786 23
785 791 29
786 792 21
786 793 7
786 787 17
787 793 15
787 794 7
787 788 13
788 794 12
788 795 7
788 789 12
789 864 15
789 795 14
789 796 7
789 854 17
790 797 6
790 791 39
791 792 32
791 797 41
791 798 5
792 793 25
792 798 32
792 799 6
793 800 7
793 794 19
793 799 23
794 800 17
794 801 7
794 795 14
795 801 14
795 802 7
795 796 14
796 864 18
796 802 17
796 803 7
796 870 17
797 804 8
797 798 42
798 804 45
798 805 8
798 799 34
799 800 27
799 805 35
799 806 8
800 801 20
800 806 26
800 807 9
801 808 9
801 802 16
801 807 20
802 808 17
802 809 9
802 803 16
803 809 19
803 810 9
803 876 19
803 870 20
804 811 12
804 805 44
805 811 47
805 812 12
805 806 36
806 812 38
806 813 12
806 807 28
807 808 21
807 813 30
807 814 12
808 809 17
808 814 24
808 815 12
809 816 12
809 810 18
809 815 21
810 816 22
810 817 12
810 882 21
810 876 22
811 818 12
811 812 45
812 818 46
812 819 12
812 813 37
813 819 39
813 820 12
813 814 29
814 820 32
814 821 12
814 815 22
815 816 17
815 821 26
815 822 12
816 817 19
816 822 22
816 823 12
817 824 12
817 882 25
817 888 22
817 823 23
818 825 8
818 819 44
819 825 43
819 826 8
819 820 36
820 826 38
820 827 8
820 821 28
821 827 32
821 828 9
821 822 21
822 828 25
822 829 9
822 823 17
823 824 18
823 829 20
823 830 9
824 888 25
824 894 21
824 830 20
824 831 9
825 832 6
825 826 42
826 832 40
826 833 5
826 827 34
827 833 35
827 834 6
827 828 27
828 834 30
828 835 7
828 829 20
829 835 24
829 836 7
829 830 16
830 836 19
830 837 7
830 831 16
831 894 22
831 900 19
831 837 18
831 838 7
832 833 39
832 839 6
833 840 5
833 834 32
833 839 37
834 840 33
834 841 6
834 835 25
835 841 28
835 842 7
835 836 19
836 842 23
836 843 7
836 837 14
837 843 18
837 844 7
837 838 14
838 900 20
838 906 17
838 844 16
838 845 7
839 840 35
839 846 8
840 841 29
840 846 35
840 847 8
841 848 8
841 842 23
841 847 31
842 848 27
842 849 9
842 843 17
843 849 22
843 850 9
843 844 13
844 850 17
844 851 9
844 845 12
845 912 15
845 906 18
845 851 15
845 852 9
846 847 33
847 848 27
848 849 22
849 850 16
850 851 12
851 852 10
852 912 17
852 918 13
853 919 21
853 918 12
853 854 12
853 855 16
854 856 16
854 864 9
854 855 20
855 856 12
855 857 19
855 920 23
855 919 12
856 864 19
856 857 22
856 858 19
856 865 9
857 920 12
857 921 25
857 858 12
857 859 21
858 865 21
858 866 9
858 859 24
858 860 21
859 921 12
859 922 27
859 860 12
859 861 23
860 866 23
860 867 8
860 861 26
860 862 24
861 922 12
861 923 30
861 862 12
862 867 24
862 868 8
862 863 26
863 868 26
863 869 9
864 865 18
864 870 7
865 866 20
865 870 19
865 871 7
866 872 7
866 867 23
866 871 22
867 872 23
867 873 6
867 868 26
868 873 25
868 874 6
868 869 29
869 874 27
869 875 8
870 876 7
870 871 19
871 872 22
871 876 21
871 877 7
872 873 25
872 877 23
872 878 7
873 874 28
873 878 25
873 879 6
874 880 6
874 875 32
874 879 28
875 880 30
875 881 8
876 882 9
876 877 21
877 882 23
877 883 9
877 878 23
878 883 25
878 884 9
878 879 26
879 880 30
879 884 28
879 885 8
880 881 35
880 885 31
880 886 8
881 886 34
881 887 9
882 888 12
882 883 22
883 888 26
883 889 12
883 884 25
884 889 28
884 890 12
884 885 28
885 890 31
885 891 12
885 886 32
886 891 34
886 892 12
886 887 37
887 892 38
887 893 12
888 889 23
888 894 12
889 890 25
889 894 26
889 895 12
890 896 12
890 891 28
890 895 28
891 896 31
891 897 12
891 892 33
892 897 35
892 898 12
892 893 38
893 898 41
893 899 12
894 900 9
894 895 22
895 896 25
895 900 24
895 901 9
896 897 28
896 901 26
896 902 9
897 898 32
897 902 29
897 903 8
898 904 8
898 899 37
898 903 34
899 904 40
899 905 9
900 906 7
900 901 21
901 906 22
901 907 7
901 902 23
902 907 24
902 908 7
902 903 26
903 904 30
903 908 27
903 909 6
904 905 35
904 909 32
904 910 6
905 910 38
905 911 8
906 912 7
906 907 19
907 912 20
907 913 7
907 908 22
908 913 23
908 914 7
908 909 25
909 914 26
909 915 6
909 910 28
910 915 30
910 916 6
910 911 32
911 916 35
911 917 8
912 913 18
912 918 9
913 914 20
913 918 20
913 919 9
914 920 9
914 915 23
914 919 22
915 920 25
915 921 8
915 916 26
916 921 28
916 922 8
916 917 29
917 922 32
917 923 9
918 919 16
919 920 19
920 921 21
921 922 24
922 923 26
924 928 25
924 1002 26
924 1003 34
924 925 36
924 926 46
924 927 26
925 1001 28
925 1002 45
925 926 28
926 938 22
926 927 37
927 928 37
927 929 26
927 938 46
927 939 20
928 929 23
928 930 22
928 1003 23
928 1004 28
929 930 33
929 931 23
929 940 17
929 939 38
930 1005 26
930 931 19
930 932 22
930 1004 19
931 940 35
931 932 31
931 933 24
931 941 14
932 1005 15
932 933 15
932 934 22
932 1006 26
933 942 11
933 941 33
933 934 27
933 935 23
934 936 23
934 1007 28
934 1006 12
934 935 12
935 936 24
935 937 24
935 942 28
935 943 10
936 1008 5
936 937 11
936 1074 14
936 1007 11
937 944 12
937 1008 10
937 1009 6
937 943 22
938 945 20
938 939 41
939 945 50
939 946 17
939 940 29
940 946 40
940 947 14
940 941 27
941 947 38
941 948 11
941 942 27
942 948 35
942 949 9
942 943 27
943 944 27
943 949 30
943 950 10
944 1009 9
944 1020 6
944 950 23
944 951 14
945 952 20
945 946 46
946 952 55
946 953 17
946 947 33
947 953 43
947 954 14
947 948 31
948 954 40
948 955 11
948 949 31
949 955 38
949 956 9
949 950 30
950 956 32
950 957 10
950 951 32
951 1026 7
951 1020 9
951 957 26
951 958 14
952 953 51
952 959 22
953 960 20
953 954 37
953 959 59
954 960 46
954 961 17
954 955 35
955 961 43
955 962 14
955 956 35
956 962 40
956 963 11
956 957 34
957 963 35
957 964 10
957 958 36
958 1032 8
958 1026 8
958 964 32
958 965 12
959 960 55
959 966 28
960 961 40
960 966 63
960 967 26
961 968 23
961 962 38
961 967 49
962 968 44
962 969 19
962 963 37
963 969 42
963 970 15
963 964 36
964 970 38
964 971 12
964 965 40
965 1032 7
965 971 39
965 972 11
965 1038 9
966 973 28
966 967 57
967 968 41
967 973 62
967 974 26
968 969 39
968 974 47
968 975 23
969 976 19
969 970 38
969 975 43
970 976 41
970 977 15
970 971 37
971 977 40
971 978 12
971 972 41
972 978 45
972 979 11
972 1044 9
972 1038 11
973 980 22
973 974 55
974 980 55
974 981 20
974 975 40
975 976 38
975 981 40
975 982 17
976 977 37
976 982 36
976 983 14
977 984 11
977 978 36
977 983 37
978 984 38
978 985 10
978 979 40
979 985 46
979 986 12
979 1050 9
979 1044 17
980 987 20
980 981 51
981 987 50
981 988 17
981 982 37
982 988 34
982 989 14
982 983 35
983 984 35
983 989 30
983 990 11
984 985 34
984 990 31
984 991 9
985 992 10
985 986 36
985 991 35
986 992 44
986 993 14
986 1050 21
986 1056 8
987 994 20
987 988 46
988 994 45
988 995 17
988 989 33
989 995 30
989 996 14
989 990 31
990 996 24
990 997 11
990 991 31
991 992 30
991 997 26
991 998 9
992 993 32
992 998 30
992 999 10
993 1000 14
993 1056 22
993 1062 7
993 999 39
994 1001 22
994 995 41
995 1001 43
995 1002 20
995 996 29
996 1002 29
996 1003 17
996 997 27
997 1003 23
997 1004 14
997 998 27
998 1004 23
998 1005 11
998 999 27
999 1000 27
999 1005 26
999 1006 10
1000 1062 21
1000 1068 6
1000 1006 33
1000 1007 12
1001 1002 37
1002 1003 26
1003 1004 23
1004 1005 24
1005 1006 23
1006 1007 24
1007 1074 6
1007 1068 18
1008 1009 11
1008 1010 4
1008 1075 13
1008 1074 11
1009 1010 10
1009 1011 4
1009 1020 13
1010 1075 10
1010 1011 10
1010 1012 3
1010 1076 11
1011 1021 13
1011 1020 10
1011 1012 9
1011 1013 3
1012 1077 9
1012 1076 9
1012 1013 9
1012 1014 1
1013 1022 12
1013 1021 11
1013 1014 8
1013 1015 1
1014 1016 1
1014 1077 8
1014 1078 7
1014 1015 8
1015 1016 8
1015 1017 2
1015 1022 11
1015 1023 10
1016 1017 6
1016 1018 4
1016 1078 7
1016 1079 7
1017 1024 9
1017 1018 9
1017 1019 5
1017 1023 12
1018 1019 5
1018 1079 6
1019 1024 13
1019 1025 7
1020 1026 15
1020 1021 4
1021 1026 11
1021 1027 15
1021 1022 3
1022 1027 13
1022 1028 14
1022 1023 2
1023 1024 3
1023 1028 14
1023 1029 13
1024 1025 6
1024 1029 16
1024 1030 11
1025 1030 17
1025 1031 9
1026 1032 15
1026 1027 5
1027 1032 11
1027 1033 15
1027 1028 2
1028 1033 13
1028 1034 14
1028 1029 3
1029 1034 15
1029 1035 13
1029 1030 5
1030 1035 17
1030 1036 11
1030 1031 8
1031 1036 19
1031 1037 9
1032 1033 5
1032 1038 13
1033 1034 2
1033 1038 9
1033 1039 13
1034 1040 12
1034 1035 3
1034 1039 11
1035 1040 13
1035 1041 10
1035 1036 7
1036 1041 16
1036 1042 9
1036 1037 10
1037 1042 18
1037 1043 7
1038 1044 11
1038 1039 4
1039 1040 1
1039 1044 9
1039 1045 10
1040 1041 4
1040 1045 9
1040 1046 8
1041 1042 7
1041 1046 10
1041 1047 7
1042 1048 4
1042 1043 11
1042 1047 12
1043 1048 14
1043 1049 3
1044 1050 11
1044 1045 4
1045 1050 13
1045 1051 10
1045 1046 1
1046 1051 10
1046 1052 9
1046 1047 4
1047 1048 8
1047 1052 8
1047 1053 8
1048 1049 11
1048 1053 8
1048 1054 7
1049 1054 10
1049 1055 6
1050 1056 13
1050 1051 4
1051 1056 17
1051 1057 13
1051 1052 1
1052 1057 13
1052 1058 12
1052 1053 3
1053 1058 9
1053 1059 11
1053 1054 7
1054 1059 6
1054 1060 9
1054 1055 11
1055 1060 6
1055 1061 8
1056 1057 5
1056 1062 15
1057 1058 2
1057 1062 20
1057 1063 15
1058 1064 14
1058 1059 3
1058 1063 16
1059 1064 12
1059 1065 13
1059 1060 6
1060 1065 7
1060 1066 11
1060 1061 9
1061 1066 4
1061 1067 9
1062 1068 15
1062 1063 5
1063 1064 2
1063 1068 19
1063 1069 15
1064 1065 2
1064 1069 16
1064 1070 14
1065 1066 4
1065 1070 13
1065 1071 13
1066 1072 11
1066 1067 8
1066 1071 9
1067 1072 5
1067 1073 9
1068 1074 13
1068 1069 4
1069 1074 16
1069 1075 13
1069 1070 2
1070 1075 14
1070 1076 12
1070 1071 1
1071 1072 3
1071 1076 11
1071 1077 11
1072 1073 6
1072 1077 8
1072 1078 9
1073 1078 5
1073 1079 8
1074 1075 4
1075 1076 3
1076 1077 1
1077 1078 2
1078 1079 5
1080 1173 7
1080 1174 13
1080 1081 27
1080 1082 7
1080 1083 10
1081 1153 27
1081 1157 28
1081 1161 28
1081 1165 28
1081 1169 28
1081 1173 28
1081 1082 28
1081 1089 28
1081 1093 28
1081 1097 28
1081 1101 28
1081 1105 27
1081 1109 28
1081 1113 28
1081 1117 28
1081 1121 28
1081 1125 28
1081 1129 27
1081 1133 28
1081 1137 28
1081 1141 28
1081 1145 28
1081 1149 28
1082 1089 7
1082 1083 13
1082 1084 10
1083 1084 9
1083 1085 9
1083 1174 9
1083 1175 13
1084 1089 13
1084 1090 9
1084 1085 13
1084 1086 9
1085 1175 8
1085 1176 15
1085 1086 8
1085 1087 13
1086 1088 13
1086 1090 12
1086 1091 8
1086 1087 15
1087 1088 6
1087 1176 6
1088 1091 15
1088 1092 6
1089 1090 10
1089 1093 7
1090 1091 9
1090 1093 13
1090 1094 9
1091 1092 13
1091 1094 12
1091 1095 8
1092 1096 6
1092 1095 14
1093 1097 7
1093 1094 10
1094 1097 13
1094 1098 9
1094 1095 9
1095 1096 13
1095 1098 12
1095 1099 8
1096 1099 14
1096 1100 6
1097 1098 10
1097 1101 7
1098 1099 9
1098 1101 13
1098 1102 9
1099 1100 13
1099 1102 12
1099 1103 8
1100 1104 6
1100 1103 14
1101 1105 7
1101 1102 10
1102 1105 13
1102 1106 9
1102 1103 9
1103 1104 13
1103 1106 13
1103 1107 8
1104 1107 15
1104 1108 6
1105 1106 10
1105 1109 7
1106 1107 9
1106 1109 13
1106 1110 9
1107 1108 13
1107 1110 13
1107 1111 8
1108 1112 6
1108 1111 15
1109 1113 7
1109 1110 10
1110 1113 13
1110 1114 9
1110 1111 9
1111 1112 13
1111 1114 12
1111 1115 8
1112 1115 15
1112 1116 6
1113 1114 10
1113 1117 7
1114 1115 9
1114 1117 13
1114 1118 9
1115 1116 13
1115 1118 12
1115 1119 8
1116 1120 6
1116 1119 14
1117 1121 7
1117 1118 10
1118 1121 13
1118 1122 9
1118 1119 9
1119 1120 13
1119 1122 12
1119 1123 8
1120 1123 14
1120 1124 6
1121 1122 10
1121 1125 7
1122 1123 9
1122 1125 13
1122 1126 9
1123 1124 13
1123 1126 12
1123 1127 8
1124 1128 6
1124 1127 14
1125 1129 7
1125 1126 10
1126 1129 13
1126 1130 9
1126 1127 9
1127 1128 13
1127 1130 13
1127 1131 8
1128 1131 15
1128 1132 6
1129 1130 10
1129 1133 7
1130 1131 9
1130 1133 13
1130 1134 9
1131 1132 13
1131 1134 13
1131 1135 8
1132 1136 6
1132 1135 15
1133 1137 7
1133 1134 10
1134 1137 13
1134 1138 9
1134 1135 9
1135 1136 13
1135 1138 12
1135 1139 8
1136 1139 15
1136 1140 6
1137 1138 10
1137 1141 7
1138 1139 9
1138 1141 13
1138 1142 9
1139 1140 13
1139 1142 12
1139 1143 8
1140 1144 6
1140 1143 14
1141 1145 7
1141 1142 10
1142 1145 13
1142 1146 9
1142 1143 9
1143 1144 13
1143 1146 12
1143 1147 8
1144 1147 14
1144 1148 6
1145 1146 10
1145 1149 7
1146 1147 9
1146 1149 13
1146 1150 9
1147 1148 13
1147 1150 12
1147 1151 8
1148 1152 6
1148 1151 14
1149 1153 7
1149 1150 10
1150 1153 13
1150 1154 9
1150 1151 9
1151 1152 13
1151 1154 13
1151 1155 8
1152 1155 15
1152 1156 6
1153 1154 10
1153 1157 7
1154 1155 9
1154 1157 13
1154 1158 9
1155 1156 13
1155 1158 13
1155 1159 8
1156 1160 6
1156 1159 15
1157 1161 7
1157 1158 10
1158 1161 13
1158 1162 9
1158 1159 9
1159 1160 13
1159 1162 12
1159 1163 8
1160 1163 15
1160 1164 6
1161 1162 10
1161 1165 7
1162 1163 9
1162 1165 13
1162 1166 9
1163 1164 13
1163 1166 12
1163 1167 8
1164 1168 6
1164 1167 14
1165 1169 7
1165 1166 10
1166 1169 13
1166 1170 9
1166 1167 9
1167 1168 13
1167 1170 12
1167 1171 8
1168 1171 14
1168 1172 6
1169 1170 10
1169 1173 7
1170 1171 9
1170 1173 13
1170 1174 9
1171 1172 13
1171 1174 12
1171 1175 8
1172 1176 6
1172 1175 14
1173 1174 10
1174 1175 9
1175 1176 13
