1335 airplane-10 V=1335 E=3789
0 1 97
0 2 125
0 3 73
0 4 73
0 115 97
0 117 116
1 2 73
1 4 116
1 5 73
1 13 97
1 14 125
2 226 688
2 3 106
2 14 106
2 223 692
3 226 700
3 115 125
3 116 106
3 229 689
4 117 83
4 118 104
4 5 83
4 6 73
5 15 83
5 13 116
5 6 104
5 7 73
6 8 73
6 119 91
6 118 65
6 7 65
7 8 91
7 9 73
7 16 65
7 15 104
8 120 80
8 9 45
8 10 73
8 119 45
9 16 91
9 17 45
9 10 80
9 11 73
10 120 23
10 11 23
10 12 73
11 17 80
11 18 23
11 12 73
12 96 73
12 66 73
12 36 73
12 102 73
12 72 73
12 42 73
12 108 73
12 120 73
12 78 73
12 48 73
12 18 73
12 114 73
12 84 73
12 54 73
12 24 73
12 90 73
12 60 73
12 30 73
13 19 97
13 20 125
13 14 73
13 15 73
14 220 681
14 20 106
14 223 683
15 16 73
15 19 116
15 21 83
16 17 73
16 21 104
16 22 65
17 18 73
17 22 91
17 23 45
18 24 23
18 23 80
19 25 97
19 26 125
19 20 73
19 21 73
20 217 670
20 26 106
20 220 676
21 25 116
21 27 83
21 22 73
22 27 104
22 28 65
22 23 73
23 24 73
23 28 91
23 29 45
24 29 80
24 30 23
25 32 125
25 26 73
25 27 73
25 31 97
26 32 106
26 217 667
26 214 659
27 33 83
27 28 73
27 31 116
28 33 104
28 34 65
28 29 73
29 34 91
29 35 45
29 30 73
30 35 80
30 36 23
31 32 73
31 33 73
31 37 97
31 38 125
32 211 648
32 214 657
32 38 106
33 34 73
33 37 116
33 39 83
34 40 65
34 35 73
34 39 104
35 40 91
35 41 45
35 36 73
36 41 80
36 42 23
37 43 97
37 44 125
37 38 73
37 39 73
38 208 640
38 211 647
38 44 106
39 40 73
39 43 116
39 45 83
40 41 73
40 45 104
40 46 65
41 42 73
41 46 91
41 47 45
42 48 23
42 47 80
43 49 97
43 50 125
43 44 73
43 45 73
44 208 637
44 50 106
44 205 636
45 49 116
45 51 83
45 46 73
46 51 104
46 52 65
46 47 73
47 48 73
47 52 91
47 53 45
48 53 80
48 54 23
49 56 125
49 50 73
49 51 73
49 55 97
50 56 106
50 200 106
50 205 630
50 199 634
51 57 83
51 52 73
51 55 116
52 57 104
52 58 65
52 53 73
53 58 91
53 59 45
53 54 73
54 59 80
54 60 23
55 56 73
55 57 73
55 61 97
55 62 125
56 62 106
57 58 73
57 61 116
57 63 83
58 64 65
58 59 73
58 63 104
59 64 91
59 65 45
59 60 73
60 65 80
60 66 23
61 67 97
61 68 125
61 62 73
61 63 73
62 68 106
62 198 623
62 200 106
62 811 106
62 812 643
63 64 73
63 67 116
63 69 83
64 65 73
64 69 104
64 70 65
65 66 73
65 70 91
65 71 45
66 72 23
66 71 80
67 73 97
67 74 125
67 68 73
67 69 73
68 74 106
69 73 116
69 75 83
69 70 73
70 75 104
70 76 65
70 71 73
71 72 73
71 76 91
71 77 45
72 77 80
72 78 23
73 80 125
73 74 73
73 75 73
73 79 97
74 80 106
74 818 663
74 811 106
74 815 630
75 81 83
75 76 73
75 79 116
76 81 104
76 82 65
76 77 73
77 82 91
77 83 45
77 78 73
78 83 80
78 84 23
79 80 73
79 81 73
79 85 97
79 86 125
80 818 637
80 821 674
80 86 106
81 82 73
81 85 116
81 87 83
82 88 65
82 83 73
82 87 104
83 88 91
83 89 45
83 84 73
84 89 80
84 90 23
85 91 97
85 92 125
85 86 73
85 87 73
86 824 685
86 92 106
86 821 647
87 88 73
87 91 116
87 93 83
88 89 73
88 93 104
88 94 65
89 90 73
89 94 91
89 95 45
90 96 23
90 95 80
91 97 97
91 98 125
91 92 73
91 93 73
92 824 657
92 98 106
92 827 695
93 97 116
93 99 83
93 94 73
94 99 104
94 100 65
94 95 73
95 96 73
95 100 91
95 101 45
96 101 80
96 102 23
97 104 125
97 98 73
97 99 73
97 103 97
98 104 106
98 827 667
98 830 702
99 105 83
99 100 73
99 103 116
100 105 104
100 106 65
100 101 73
101 106 91
101 107 45
101 102 73
102 107 80
102 108 23
103 104 73
103 105 73
103 109 97
103 110 125
104 830 676
104 833 707
104 110 106
105 106 73
105 109 116
105 111 83
106 112 65
106 107 73
106 111 104
107 112 91
107 113 45
107 108 73
108 113 80
108 114 23
109 115 97
109 116 125
109 110 73
109 111 73
110 833 683
110 116 106
110 836 708
111 112 73
111 115 116
111 117 83
112 113 73
112 117 104
112 118 65
113 114 73
113 118 91
113 119 45
114 120 23
114 119 80
115 116 73
115 117 73
116 836 688
116 229 705
117 118 73
118 119 73
119 120 73
121 749 243
121 750 660
121 122 243
121 123 664
121 124 618
121 125 614
122 135 243
122 136 654
122 123 618
122 125 653
122 126 614
123 136 266
123 323 600
123 124 266
123 325 656
124 322 600
124 323 656
124 748 266
124 749 673
125 751 667
125 750 222
125 126 222
125 127 630
126 128 629
126 137 222
126 135 645
126 127 658
127 128 191
127 129 773
127 752 793
127 751 191
128 129 778
128 130 770
128 137 647
128 138 191
129 752 115
129 753 657
129 130 115
129 131 648
130 138 756
130 131 651
130 132 647
130 139 115
131 753 77
131 754 460
131 132 77
131 133 455
132 139 644
132 140 77
132 133 457
132 134 454
133 754 49
133 134 49
134 140 451
134 141 49
135 136 617
135 137 613
135 142 243
135 143 645
136 325 600
136 327 656
136 143 266
137 144 222
137 138 627
137 142 638
138 144 637
138 145 191
138 139 758
139 145 729
139 146 115
139 140 643
140 146 635
140 147 77
140 141 451
141 147 445
141 148 49
142 144 611
142 149 243
142 150 638
142 143 615
143 329 656
143 150 266
143 327 600
144 145 624
144 149 631
144 151 222
145 152 191
145 146 741
145 151 627
146 152 698
146 153 115
146 147 638
147 153 625
147 154 77
147 148 448
148 154 438
148 155 49
149 156 243
149 157 632
149 150 612
149 151 609
150 329 600
150 331 656
150 157 266
151 152 620
151 156 627
151 158 222
152 153 718
152 158 620
152 159 191
153 160 115
153 154 632
153 159 667
154 160 616
154 161 77
154 155 443
155 161 432
155 162 49
156 163 243
156 164 629
156 157 609
156 158 607
157 331 600
157 164 266
157 333 656
158 163 625
158 165 222
158 159 615
159 160 692
159 165 615
159 166 191
160 161 624
160 166 639
160 167 115
161 168 77
161 162 437
161 167 609
162 168 426
162 169 49
163 170 243
163 171 629
163 164 606
163 165 605
164 171 266
164 333 600
164 335 656
165 170 625
165 172 222
165 166 610
166 172 614
166 173 191
166 167 665
167 168 617
167 173 617
167 174 115
168 169 432
168 174 603
168 175 77
169 176 49
169 175 422
170 177 243
170 178 633
170 171 603
170 172 603
171 337 656
171 178 266
171 335 600
172 177 628
172 179 222
172 173 606
173 179 616
173 180 191
173 174 639
174 180 604
174 181 115
174 175 610
175 176 427
175 181 601
175 182 77
176 182 420
176 183 49
177 184 243
177 185 639
177 178 601
177 179 601
178 337 600
178 185 266
178 339 656
179 184 633
179 186 222
179 180 602
180 186 621
180 187 191
180 181 618
181 187 601
181 188 115
181 182 604
182 188 601
182 189 77
182 183 423
183 189 420
183 190 49
184 192 647
184 185 600
184 186 600
184 191 243
185 192 266
185 339 600
185 341 656
186 193 222
186 187 600
186 191 639
187 193 629
187 194 191
187 188 604
188 194 611
188 195 115
188 189 601
189 195 604
189 196 77
189 190 420
190 196 422
190 197 49
191 192 600
191 193 600
191 804 656
191 805 243
192 928 656
192 804 266
192 341 600
193 194 600
193 805 647
193 806 222
194 195 600
194 806 639
194 807 191
195 808 115
195 196 600
195 807 629
196 808 611
196 809 77
196 197 420
197 809 427
197 810 49
198 199 186
198 200 637
198 201 607
198 812 186
198 813 649
199 200 625
199 201 640
199 202 609
199 205 186
201 202 245
201 203 600
201 813 245
201 814 655
202 203 650
202 204 600
202 205 633
202 206 245
203 298 600
203 204 266
203 893 656
203 814 266
204 298 656
204 299 600
204 206 646
204 207 266
205 208 186
205 206 613
206 208 630
206 209 245
206 207 601
207 209 642
207 210 266
207 299 656
207 302 600
208 209 619
208 211 186
209 210 602
209 211 631
209 212 245
210 304 600
210 212 640
210 213 266
210 302 656
211 212 626
211 214 186
212 213 603
212 214 636
212 215 245
213 216 266
213 306 600
213 304 656
213 215 640
214 217 186
214 215 635
215 216 605
215 217 644
215 218 245
216 218 641
216 219 266
216 308 600
216 306 656
217 218 643
217 220 186
218 219 606
218 220 655
218 221 245
219 310 600
219 308 656
219 221 644
219 222 266
220 221 650
220 223 186
221 224 245
221 222 608
221 223 667
222 224 648
222 225 266
222 312 600
222 310 656
223 224 656
223 226 186
224 225 609
224 226 679
224 227 245
225 312 656
225 314 600
225 227 653
225 228 266
226 227 660
226 229 186
227 228 609
227 229 690
227 230 245
228 314 656
228 316 600
228 230 658
228 231 266
229 836 186
229 230 661
230 836 699
230 837 245
230 231 609
231 838 266
231 316 656
231 837 663
231 318 600
232 840 312
232 233 312
232 234 662
232 235 602
232 236 600
232 841 676
233 234 608
233 236 676
233 237 600
233 244 310
233 245 663
234 301 600
234 235 266
234 245 266
234 303 656
235 840 677
235 300 600
235 301 656
235 839 266
236 841 312
236 842 676
236 237 312
236 238 600
237 246 310
237 244 675
237 238 676
237 239 600
238 240 600
238 842 312
238 843 676
238 239 312
239 240 676
239 241 600
239 246 675
239 247 310
240 241 312
240 242 602
240 843 312
240 844 662
241 248 310
241 242 677
241 243 608
241 247 675
242 320 600
242 243 266
242 844 266
242 911 656
243 248 698
243 249 266
243 320 656
243 321 600
244 250 294
244 251 699
244 245 632
244 246 600
245 305 656
245 251 266
245 303 600
246 250 668
246 252 294
246 247 600
247 248 600
247 252 668
247 253 294
248 249 632
248 253 668
248 254 294
249 321 656
249 324 600
249 254 673
249 255 266
250 256 311
250 257 698
250 251 621
250 252 600
251 257 266
251 307 656
251 305 600
252 256 676
252 258 311
252 253 600
253 258 676
253 259 311
253 254 600
254 259 676
254 260 311
254 255 621
255 260 646
255 261 266
255 326 600
255 324 656
256 257 602
256 258 600
256 262 312
256 263 676
257 307 600
257 309 656
257 263 266
258 264 312
258 259 600
258 262 676
259 264 676
259 265 312
259 260 600
260 265 676
260 266 312
260 261 602
261 328 600
261 266 656
261 267 266
261 326 656
262 264 600
262 268 266
262 269 656
262 263 600
263 309 600
263 269 266
263 311 656
264 265 600
264 268 656
264 270 266
265 266 600
265 270 656
265 271 266
266 272 266
266 267 600
266 271 656
267 272 656
267 273 266
267 330 600
267 328 656
268 274 266
268 275 656
268 269 600
268 270 600
269 313 656
269 275 266
269 311 600
270 274 656
270 276 266
270 271 600
271 272 600
271 276 656
271 277 266
272 273 600
272 277 656
272 278 266
273 330 656
273 332 600
273 278 656
273 279 266
274 280 266
274 281 656
274 275 600
274 276 600
275 281 266
275 315 656
275 313 600
276 280 656
276 282 266
276 277 600
277 282 656
277 283 266
277 278 600
278 283 656
278 284 266
278 279 600
279 284 656
279 285 266
279 334 600
279 332 656
280 281 600
280 282 600
280 286 266
280 287 656
281 315 600
281 317 656
281 287 266
282 288 266
282 283 600
282 286 656
283 288 656
283 289 266
283 284 600
284 289 656
284 290 266
284 285 600
285 336 600
285 290 656
285 291 266
285 334 656
286 288 600
286 292 266
286 293 656
286 287 600
287 317 600
287 293 266
287 319 656
288 289 600
288 292 656
288 294 266
289 290 600
289 294 656
289 295 266
290 296 266
290 291 600
290 295 656
291 296 656
291 297 266
291 338 600
291 336 656
292 888 266
292 293 600
292 294 600
292 887 656
293 887 266
293 910 656
293 319 600
294 888 656
294 889 266
294 295 600
295 296 600
295 889 656
295 890 266
296 297 600
296 890 656
296 891 266
297 892 266
297 338 656
297 891 656
297 340 600
298 299 266
298 300 600
298 893 266
298 894 656
299 300 656
299 301 600
299 302 266
300 301 266
300 894 266
300 839 656
301 302 656
301 303 266
302 304 266
302 303 600
303 304 656
303 305 266
304 305 600
304 306 266
305 306 656
305 307 266
306 307 600
306 308 266
307 308 656
307 309 266
308 309 600
308 310 266
309 310 656
309 311 266
310 312 266
310 311 600
311 312 656
311 313 266
312 313 600
312 314 266
313 314 656
313 315 266
314 315 600
314 316 266
315 316 656
315 317 266
316 317 600
316 318 266
317 318 656
317 319 266
318 909 266
318 838 656
318 319 600
319 909 656
319 910 266
320 912 656
320 321 266
320 322 600
320 911 266
321 322 656
321 323 600
321 324 266
322 912 266
322 323 266
322 748 656
323 324 656
323 325 266
324 325 600
324 326 266
325 326 656
325 327 266
326 328 266
326 327 600
327 328 656
327 329 266
328 329 600
328 330 266
329 330 656
329 331 266
330 331 600
330 332 266
331 332 656
331 333 266
332 333 600
332 334 266
333 334 656
333 335 266
334 336 266
334 335 600
335 336 656
335 337 266
336 337 600
336 338 266
337 338 656
337 339 266
338 339 600
338 340 266
339 340 656
339 341 266
340 892 656
340 341 600
340 927 266
341 928 266
341 927 656
342 344 273
342 345 109
342 343 315
343 344 97
343 364 435
343 365 400
344 345 322
344 346 97
344 365 444
344 366 407
345 346 277
345 347 109
346 347 329
346 348 97
346 366 455
346 367 415
347 348 281
347 349 109
348 368 423
348 349 336
348 350 97
348 367 465
349 350 286
349 351 109
350 352 97
350 369 432
350 368 477
350 351 344
351 352 291
351 353 109
352 353 352
352 354 97
352 369 488
352 370 441
353 354 296
353 355 109
354 371 452
354 370 501
354 355 361
354 356 97
355 356 302
355 357 109
356 371 513
356 372 462
356 357 369
356 358 97
357 358 308
357 359 109
358 360 97
358 372 526
358 373 474
358 359 378
359 360 316
359 361 109
360 361 387
360 362 93
360 373 539
360 374 493
361 362 332
361 363 105
362 363 395
362 374 551
364 376 328
364 365 79
364 375 360
365 376 369
365 377 335
365 366 79
366 377 379
366 378 343
366 367 79
367 368 79
367 378 389
367 379 351
368 369 79
368 379 399
368 380 359
369 370 79
369 380 410
369 381 368
370 371 79
370 381 420
370 382 378
371 372 79
371 382 432
371 383 388
372 384 398
372 373 79
372 383 443
373 384 455
373 385 415
373 374 75
374 385 465
375 376 63
375 386 379
375 387 353
376 377 63
376 387 387
376 388 360
377 378 63
377 388 396
377 389 367
378 379 63
378 389 405
378 390 375
379 380 63
379 390 414
379 391 383
380 392 392
380 381 63
380 391 423
381 392 433
381 393 400
381 382 63
382 393 443
382 394 410
382 383 63
383 384 63
383 394 454
383 395 419
384 385 60
384 395 464
384 396 433
385 396 473
386 387 49
387 388 51
388 389 49
389 390 49
390 391 49
391 392 49
392 393 49
393 394 49
394 395 49
395 396 47
397 451 46
397 452 44
397 398 48
397 399 90
397 400 58
398 418 615
398 419 635
398 399 61
398 400 98
398 401 62
399 419 618
399 461 610
399 451 57
400 401 59
400 402 58
400 452 51
400 453 52
401 418 631
401 402 100
401 403 62
401 420 612
402 403 64
402 404 58
402 453 51
402 454 55
403 420 627
403 404 100
403 405 62
403 421 609
404 454 48
404 405 64
404 406 58
404 455 56
405 422 607
405 421 623
405 406 97
405 407 62
406 408 58
406 455 43
406 456 56
406 407 60
407 408 91
407 409 62
407 422 619
407 423 605
408 456 35
408 409 51
408 410 58
408 457 56
409 424 603
409 410 83
409 411 62
409 423 615
410 457 27
410 458 57
410 411 40
410 412 58
411 424 612
411 425 602
411 412 74
411 413 62
412 458 19
412 459 59
412 413 28
412 414 58
413 425 609
413 426 602
413 414 64
413 415 62
414 416 58
414 417 64
414 459 11
414 460 63
414 415 15
415 416 57
415 417 62
415 426 607
415 427 601
416 417 6
417 460 2
417 427 605
417 428 601
418 419 75
418 420 77
418 429 615
418 430 640
419 470 609
419 461 70
419 430 618
420 429 636
420 421 76
420 431 612
421 432 609
421 422 77
421 431 631
422 432 627
422 433 607
422 423 77
423 424 76
423 433 622
423 434 605
424 425 77
424 434 618
424 435 603
425 426 76
425 435 615
425 436 602
426 427 77
426 436 612
426 437 601
427 428 77
427 437 609
427 438 601
428 459 604
428 460 601
428 469 78
428 438 607
428 439 601
429 440 617
429 441 650
429 430 89
429 431 91
430 441 621
430 470 83
430 479 612
431 432 91
431 442 614
431 440 645
432 433 91
432 442 639
432 443 611
433 434 91
433 443 634
433 444 608
434 435 91
434 444 629
434 445 606
435 436 91
435 445 624
435 446 605
436 437 91
436 446 620
436 447 604
437 448 603
437 438 91
437 447 616
438 448 613
438 449 602
438 439 91
439 449 610
439 450 603
439 469 605
439 478 93
440 441 104
440 442 106
441 479 97
442 443 106
443 444 106
444 445 106
445 446 106
446 447 106
447 448 106
448 449 106
449 450 106
450 478 608
450 487 108
451 452 62
451 461 616
451 462 605
452 453 62
452 462 613
452 463 603
453 464 602
453 454 62
453 463 610
454 464 608
454 465 601
454 455 62
455 456 62
455 465 606
455 466 601
456 457 62
456 466 604
456 467 601
457 458 62
457 467 603
457 468 602
458 459 62
458 468 602
458 469 603
459 460 62
459 469 601
461 470 616
461 462 76
461 471 604
462 472 603
462 471 613
462 463 77
463 464 77
463 473 602
463 472 610
464 465 76
464 474 601
464 473 608
465 474 606
465 466 77
465 475 601
466 467 77
466 476 602
466 475 605
467 476 603
467 468 77
467 477 602
468 477 602
468 469 76
468 478 604
469 478 601
470 480 606
470 479 619
470 471 91
471 472 91
471 480 616
471 481 604
472 473 91
472 482 603
472 481 613
473 474 91
473 482 611
473 483 603
474 475 91
474 484 603
474 483 608
475 485 604
475 476 91
475 484 606
476 485 605
476 477 91
476 486 605
477 487 606
477 478 91
477 486 604
478 487 603
479 480 106
480 481 106
481 482 106
482 483 106
483 484 106
484 485 106
485 486 106
486 487 106
488 489 49
488 490 90
488 491 58
488 630 47
488 631 44
489 490 61
489 491 98
489 492 62
489 509 615
489 510 635
490 640 610
490 630 57
490 510 618
491 632 52
491 492 59
491 493 58
491 631 51
492 509 631
492 493 100
492 494 62
492 511 612
493 632 52
493 633 55
493 494 64
493 495 58
494 496 62
494 512 609
494 511 627
494 495 100
495 496 64
495 497 58
495 634 56
495 633 48
496 512 623
496 497 98
496 498 62
496 513 607
497 635 56
497 498 60
497 499 58
497 634 43
498 513 619
498 514 605
498 499 91
498 500 62
499 636 56
499 635 35
499 500 51
499 501 58
500 514 615
500 515 603
500 501 83
500 502 62
501 636 27
501 637 57
501 502 40
501 503 58
502 504 62
502 515 612
502 516 602
502 503 74
503 504 28
503 505 58
503 637 19
503 638 59
504 505 65
504 506 62
504 516 609
504 517 602
505 506 15
505 507 58
505 638 11
505 639 63
506 507 57
506 508 62
506 517 607
506 518 601
507 508 6
507 639 6
508 518 605
508 519 601
509 520 615
509 521 640
509 510 75
509 511 77
510 640 70
510 521 618
510 650 609
511 512 77
511 520 636
511 522 612
512 513 77
512 522 631
512 523 609
513 514 77
513 523 627
513 524 607
514 515 77
514 524 622
514 525 605
515 516 77
515 525 618
515 526 603
516 517 77
516 526 615
516 527 602
517 528 602
517 518 77
517 527 612
518 528 609
518 529 601
518 519 77
519 529 607
519 530 601
520 521 89
520 522 91
520 531 617
520 532 650
521 660 612
521 650 83
521 532 621
522 531 645
522 523 91
522 533 614
523 524 91
523 533 639
523 534 611
524 525 91
524 534 634
524 535 608
525 536 606
525 526 91
525 535 629
526 536 624
526 537 605
526 527 91
527 528 91
527 537 620
527 538 604
528 529 91
528 538 616
528 539 603
529 530 91
529 539 613
529 540 602
530 540 610
530 541 603
531 532 104
531 533 106
531 542 617
531 543 655
532 660 97
532 669 608
532 543 621
533 544 614
533 534 106
533 542 651
534 544 645
534 545 610
534 535 106
535 536 106
535 545 639
535 546 608
536 537 106
536 546 633
536 547 605
537 538 106
537 547 628
537 548 603
538 539 106
538 548 623
538 549 602
539 540 106
539 549 619
539 550 601
540 541 106
540 550 615
540 551 600
541 678 601
541 551 612
541 552 600
541 658 608
541 659 602
541 668 108
542 544 122
542 553 616
542 554 660
542 543 120
543 554 620
543 669 111
543 679 608
544 545 122
544 555 613
544 553 655
545 546 122
545 555 649
545 556 610
546 547 122
546 556 643
546 557 607
547 548 122
547 557 637
547 558 605
548 549 122
548 558 632
548 559 603
549 560 602
549 550 122
549 559 627
550 560 623
550 561 601
550 551 122
551 552 122
551 561 619
551 562 601
552 562 615
552 563 601
553 554 135
553 555 137
553 564 618
553 565 671
554 689 612
554 565 622
554 679 125
555 556 137
555 566 615
555 564 665
556 557 137
556 566 658
556 567 611
557 568 609
557 558 137
557 567 651
558 568 644
558 569 606
558 559 137
559 560 137
559 569 638
559 570 605
560 561 137
560 570 633
560 571 603
561 562 137
561 571 628
561 572 602
562 563 137
562 572 623
562 573 602
563 573 619
563 574 602
564 576 677
564 565 150
564 566 153
564 575 618
565 576 622
565 689 140
565 699 608
566 577 614
566 575 672
566 567 153
567 568 153
567 577 665
567 578 611
568 569 153
568 578 658
568 579 608
569 570 153
569 579 651
569 580 605
570 571 153
570 580 644
570 581 604
571 572 153
571 581 638
571 582 602
572 573 153
572 582 633
572 583 601
573 584 600
573 574 153
573 583 628
574 584 623
574 585 600
575 576 166
575 577 169
575 586 616
575 587 680
576 709 611
576 587 619
576 699 155
577 578 169
577 588 612
577 586 675
578 579 169
578 588 668
578 589 609
579 580 169
579 589 661
579 590 607
580 581 169
580 590 654
580 591 605
581 592 603
581 582 169
581 591 648
582 592 642
582 593 602
582 583 169
583 584 169
583 593 637
583 594 601
584 585 169
584 594 632
584 595 601
585 595 627
585 596 601
586 587 181
586 588 184
586 597 654
586 598 758
587 709 168
587 598 665
587 719 620
588 597 747
588 589 184
588 599 644
589 600 634
589 590 184
589 599 731
590 600 715
590 601 625
590 591 184
591 592 184
591 601 700
591 602 617
592 593 184
592 602 685
592 603 611
593 594 184
593 603 672
593 604 606
594 595 184
594 604 659
594 605 603
595 596 184
595 605 648
595 606 601
596 606 637
596 607 600
597 608 655
597 609 778
597 598 209
597 599 213
598 609 667
598 729 623
598 719 195
599 600 213
599 610 644
599 608 766
600 601 213
600 610 749
600 611 634
601 602 213
601 611 732
601 612 625
602 603 213
602 612 715
602 613 618
603 604 213
603 613 699
603 614 612
604 605 213
604 614 685
604 615 607
605 616 603
605 606 213
605 615 671
606 616 658
606 617 602
606 607 213
607 617 647
607 618 601
608 609 237
608 610 242
608 619 701
608 620 836
609 729 221
609 739 668
609 620 712
610 619 824
610 611 242
610 621 690
611 612 242
611 621 807
611 622 680
612 613 242
612 622 790
612 623 671
613 624 664
613 614 242
613 623 773
614 624 756
614 625 658
614 615 242
615 616 242
615 625 741
615 626 653
616 617 242
616 626 727
616 627 650
617 618 242
617 627 714
617 628 648
618 628 702
618 629 647
619 620 267
619 621 271
620 739 248
621 622 271
622 623 271
623 624 271
624 625 271
625 626 271
626 627 271
627 628 271
628 629 271
629 737 689
629 738 646
629 747 277
630 640 616
630 641 605
630 631 62
631 632 62
631 641 613
631 642 603
632 633 62
632 642 610
632 643 602
633 634 62
633 643 608
633 644 601
634 635 62
634 644 606
634 645 601
635 636 62
635 645 605
635 646 601
636 637 62
636 646 603
636 647 602
637 648 603
637 638 62
637 647 602
638 648 601
638 649 604
638 639 62
639 649 601
640 641 76
640 650 616
640 651 604
641 642 77
641 651 613
641 652 603
642 643 77
642 652 610
642 653 602
643 644 77
643 653 608
643 654 601
644 645 77
644 654 606
644 655 601
645 656 602
645 646 77
645 655 605
646 656 603
646 657 602
646 647 77
647 648 77
647 657 602
647 658 604
648 649 77
648 658 601
648 659 605
649 659 601
650 651 91
650 660 619
650 661 606
651 652 91
651 661 616
651 662 604
652 653 91
652 662 613
652 663 603
653 664 603
653 654 91
653 663 611
654 664 608
654 665 603
654 655 91
655 656 91
655 665 606
655 666 604
656 657 91
656 666 605
656 667 605
657 658 91
657 667 604
657 668 606
658 659 91
658 668 603
660 670 602
660 661 106
660 669 618
661 670 615
661 662 106
661 671 601
662 671 612
662 672 601
662 663 106
663 664 106
663 673 601
663 672 609
664 665 106
664 674 601
664 673 606
665 674 604
665 666 106
665 675 602
666 667 106
666 676 604
666 675 603
667 676 601
667 668 106
667 677 606
668 677 601
668 678 609
669 680 603
669 670 122
669 679 617
670 680 614
670 681 602
670 671 122
671 672 122
671 681 611
671 682 602
672 673 122
672 682 609
672 683 602
673 674 122
673 683 606
673 684 603
674 675 122
674 684 604
674 685 605
675 676 122
675 685 603
675 686 606
676 677 122
676 686 602
676 687 609
677 688 612
677 678 122
677 687 601
678 688 601
679 680 137
679 689 620
679 690 605
680 681 137
680 690 616
680 691 604
681 682 137
681 691 613
681 692 604
682 683 137
682 692 611
682 693 604
683 684 137
683 693 608
683 694 605
684 685 137
684 694 606
684 695 607
685 696 610
685 686 137
685 695 604
686 696 603
686 697 613
686 687 137
687 688 137
687 697 602
687 698 616
688 698 602
689 690 153
689 699 619
689 700 602
690 691 153
690 700 615
690 701 602
691 692 153
691 701 612
691 702 603
692 693 153
692 702 609
692 703 604
693 704 606
693 694 153
693 703 607
694 704 604
694 705 608
694 695 153
695 696 153
695 705 603
695 706 611
696 697 153
696 706 601
696 707 614
697 698 153
697 707 601
697 708 618
698 708 600
699 700 169
699 709 617
699 710 605
700 701 169
700 710 614
700 711 605
701 712 606
701 702 169
701 711 611
702 712 608
702 713 607
702 703 169
703 704 169
703 713 606
703 714 609
704 705 169
704 714 604
704 715 612
705 706 169
705 715 603
705 716 615
706 707 169
706 716 602
706 717 619
707 708 169
707 717 601
707 718 623
708 718 601
709 720 605
709 710 184
709 719 656
710 720 645
710 721 601
710 711 184
711 712 184
711 721 635
711 722 600
712 713 184
712 722 627
712 723 601
713 714 184
713 723 619
713 724 603
714 715 184
714 724 612
714 725 606
715 716 184
715 725 607
715 726 611
716 717 184
716 726 603
716 727 617
717 728 625
717 718 184
717 727 601
718 728 600
719 720 213
719 729 658
719 730 606
720 721 213
720 730 647
720 731 603
721 722 213
721 731 637
721 732 603
722 723 213
722 732 628
722 733 604
723 724 213
723 733 620
723 734 607
724 725 213
724 734 614
724 735 612
725 736 618
725 726 213
725 735 609
726 736 605
726 737 626
726 727 213
727 728 213
727 737 602
727 738 635
728 738 601
729 730 242
729 739 703
729 740 651
730 731 242
730 740 692
730 741 649
731 732 242
731 741 682
731 742 650
732 733 242
732 742 674
732 743 653
733 744 657
733 734 242
733 743 666
734 744 660
734 745 662
734 735 242
735 736 242
735 745 654
735 746 669
736 737 242
736 746 651
736 747 678
737 738 242
737 747 648
739 740 271
740 741 271
741 742 271
742 743 271
743 744 271
744 745 271
745 746 271
746 747 271
748 912 600
748 755 266
748 756 681
748 749 618
749 756 243
749 757 666
749 750 614
750 757 222
750 758 675
750 751 629
751 752 770
751 758 191
751 759 800
752 760 660
752 753 647
752 759 115
753 760 77
753 761 462
753 754 454
754 761 49
755 912 656
755 914 600
755 756 617
755 762 266
755 763 686
756 763 243
756 764 671
756 757 613
757 764 222
757 765 680
757 758 627
758 765 191
758 766 798
758 759 758
759 760 643
759 766 115
759 767 660
760 768 462
760 761 451
760 767 77
761 768 49
762 769 266
762 770 690
762 914 656
762 916 600
762 763 615
763 770 243
763 771 674
763 764 611
764 771 222
764 772 682
764 765 624
765 772 191
765 773 788
765 766 741
766 773 115
766 774 658
766 767 638
767 768 448
767 774 77
767 775 460
768 775 49
769 770 612
769 776 266
769 777 690
769 916 656
769 918 600
770 777 243
770 778 674
770 771 609
771 778 222
771 779 681
771 772 620
772 779 191
772 780 770
772 773 718
773 780 115
773 781 653
773 774 632
774 781 77
774 782 457
774 775 443
775 782 49
776 777 609
776 783 266
776 784 687
776 918 656
776 920 600
777 784 243
777 785 672
777 778 607
778 785 222
778 786 676
778 779 615
779 786 191
779 787 746
779 780 692
780 787 115
780 788 646
780 781 624
781 788 77
781 789 451
781 782 437
782 789 49
783 784 606
783 790 266
783 791 682
783 920 656
783 922 600
784 792 668
784 785 605
784 791 243
785 792 222
785 793 669
785 786 610
786 793 191
786 794 717
786 787 665
787 794 115
787 795 637
787 788 617
788 795 77
788 796 445
788 789 432
789 796 49
790 791 603
790 922 656
790 924 600
790 797 266
790 798 675
791 792 603
791 798 243
791 799 662
792 800 660
792 793 606
792 799 222
793 800 191
793 801 686
793 794 639
794 801 115
794 802 628
794 795 610
795 802 77
795 803 439
795 796 427
796 803 49
797 804 266
797 805 666
797 798 601
797 924 656
797 926 600
798 805 243
798 806 655
798 799 601
799 800 602
799 806 222
799 807 650
800 808 656
800 801 618
800 807 191
801 808 115
801 809 619
801 802 604
802 809 77
802 810 432
802 803 423
803 810 49
804 928 600
804 805 600
804 926 656
805 806 600
806 807 600
807 808 604
808 809 601
809 810 420
811 812 625
811 815 652
812 816 661
812 813 609
812 815 186
813 816 245
813 817 660
813 814 600
814 817 266
814 893 600
814 895 656
815 816 613
815 818 186
815 819 673
816 817 601
816 819 245
816 820 665
817 897 656
817 820 266
817 895 600
818 819 619
818 821 186
818 822 684
819 820 602
819 822 245
819 823 669
820 897 600
820 899 656
820 823 266
821 824 186
821 825 694
821 822 626
822 825 245
822 826 672
822 823 603
823 826 266
823 899 600
823 901 656
824 825 635
824 827 186
824 828 702
825 826 605
825 828 245
825 829 673
826 829 266
826 901 600
826 903 656
827 828 643
827 830 186
827 831 706
828 832 673
828 829 606
828 831 245
829 832 266
829 905 656
829 903 600
830 833 186
830 834 707
830 831 650
831 832 608
831 834 245
831 835 671
832 905 600
832 835 266
832 907 656
833 834 656
833 836 186
833 837 705
834 835 609
834 837 245
834 838 668
835 907 600
835 909 656
835 838 266
836 837 660
837 838 609
838 909 600
839 840 608
839 894 600
839 845 266
839 846 698
840 841 600
840 846 310
840 847 675
841 848 675
841 842 600
841 847 310
842 848 310
842 849 675
842 843 600
843 849 310
843 850 663
843 844 608
844 913 656
844 850 266
844 911 600
845 896 600
845 846 632
845 851 266
845 852 673
845 894 656
846 852 294
846 853 668
846 847 600
847 848 600
847 853 294
847 854 668
848 849 600
848 854 294
848 855 668
849 856 699
849 850 632
849 855 294
850 856 266
850 913 600
850 915 656
851 896 656
851 898 600
851 852 621
851 857 266
851 858 646
852 858 311
852 859 676
852 853 600
853 859 311
853 860 676
853 854 600
854 860 311
854 861 676
854 855 600
855 856 621
855 861 311
855 862 698
856 915 600
856 917 656
856 862 266
857 864 656
857 898 656
857 900 600
857 858 602
857 863 266
858 864 312
858 865 676
858 859 600
859 865 312
859 866 676
859 860 600
860 866 312
860 867 676
860 861 600
861 867 312
861 868 676
861 862 602
862 868 266
862 917 600
862 919 656
863 864 600
863 900 656
863 869 266
863 902 600
863 870 656
864 865 600
864 870 266
864 871 656
865 872 656
865 866 600
865 871 266
866 872 266
866 873 656
866 867 600
867 873 266
867 874 656
867 868 600
868 921 656
868 874 266
868 919 600
869 902 656
869 870 600
869 904 600
869 875 266
869 876 656
870 876 266
870 877 656
870 871 600
871 872 600
871 877 266
871 878 656
872 873 600
872 878 266
872 879 656
873 880 656
873 874 600
873 879 266
874 880 266
874 921 600
874 923 656
875 904 656
875 906 600
875 876 600
875 881 266
875 882 656
876 882 266
876 883 656
876 877 600
877 883 266
877 884 656
877 878 600
878 884 266
878 885 656
878 879 600
879 880 600
879 885 266
879 886 656
880 923 600
880 925 656
880 886 266
881 906 656
881 908 600
881 882 600
881 887 266
881 888 656
882 888 266
882 889 656
882 883 600
883 889 266
883 890 656
883 884 600
884 890 266
884 891 656
884 885 600
885 891 266
885 892 656
885 886 600
886 892 266
886 925 600
886 927 656
887 888 600
887 908 656
887 910 600
888 889 600
889 890 600
890 891 600
891 892 600
892 927 600
893 896 656
893 894 600
893 895 266
894 896 266
895 896 600
895 897 266
895 898 656
896 898 266
897 898 600
897 899 266
897 900 656
898 900 266
899 900 600
899 901 266
899 902 656
900 902 266
901 904 656
901 902 600
901 903 266
902 904 266
903 904 600
903 905 266
903 906 656
904 906 266
905 906 600
905 907 266
905 908 656
906 908 266
907 908 600
907 909 266
907 910 656
908 910 266
909 910 600
911 912 600
911 913 266
911 914 656
912 914 266
913 914 600
913 915 266
913 916 656
914 916 266
915 916 600
915 917 266
915 918 656
916 918 266
917 920 656
917 918 600
917 919 266
918 920 266
919 920 600
919 921 266
919 922 656
920 922 266
921 922 600
921 923 266
921 924 656
922 924 266
923 924 600
923 925 266
923 926 656
924 926 266
925 928 656
925 926 600
925 927 266
926 928 266
927 928 600
929 930 322
929 931 386
929 932 109
929 933 109
930 931 97
930 933 395
930 934 97
930 951 444
930 952 492
931 952 435
931 932 315
933 934 329
933 935 109
934 936 97
934 953 455
934 951 504
934 935 405
935 936 336
935 937 109
936 954 465
936 937 414
936 938 97
936 953 517
937 938 344
937 939 109
938 954 530
938 939 424
938 940 97
938 955 477
939 940 352
939 941 109
940 955 543
940 956 488
940 941 434
940 942 97
941 942 361
941 943 109
942 944 97
942 956 557
942 957 501
942 943 443
943 944 369
943 945 109
944 945 453
944 946 97
944 957 570
944 958 513
945 946 378
945 947 109
946 947 463
946 948 97
946 958 584
946 959 526
947 948 387
947 949 105
948 960 539
948 949 464
948 950 93
948 959 598
949 950 395
950 960 605
950 961 551
951 952 79
951 953 79
951 962 369
951 963 411
952 963 360
953 962 422
953 954 79
953 964 379
954 955 79
954 964 433
954 965 389
955 956 79
955 965 444
955 966 399
956 957 79
956 966 456
956 967 410
957 968 420
957 958 79
957 967 468
958 968 480
958 969 432
958 959 79
959 960 79
959 969 492
959 970 443
960 961 75
960 970 504
960 971 455
961 971 509
961 972 465
962 963 63
962 964 63
962 973 387
962 974 418
963 974 379
964 973 428
964 965 63
964 975 396
965 976 405
965 966 63
965 975 438
966 976 448
966 977 414
966 967 63
967 968 63
967 977 458
967 978 423
968 969 63
968 978 469
968 979 433
969 970 63
969 979 480
969 980 443
970 971 63
970 980 491
970 981 454
971 972 60
971 981 502
971 982 464
972 982 507
972 983 473
973 974 49
973 975 51
975 976 49
976 977 49
977 978 49
978 979 49
979 980 49
980 981 49
981 982 49
982 983 47
984 1005 618
984 1006 604
984 1038 57
984 985 61
984 986 90
985 986 48
985 987 62
985 1006 615
985 1007 602
986 987 57
986 988 58
986 1038 46
987 1008 601
987 988 59
987 989 62
987 1007 612
988 1038 100
988 989 68
988 990 58
988 1039 51
989 1008 609
989 1009 601
989 990 64
989 991 62
990 992 58
990 1040 51
990 1039 99
990 991 73
991 992 64
991 993 62
991 1010 601
991 1009 607
992 1040 96
992 993 73
992 994 58
992 1041 48
993 1010 605
993 994 60
993 995 62
993 1011 601
994 1041 91
994 1042 43
994 995 71
994 996 58
995 1012 601
995 1011 603
995 996 51
995 997 62
996 1042 84
996 1043 35
996 997 67
996 998 58
997 1012 602
997 1013 602
997 998 40
997 999 62
998 1000 58
998 1043 78
998 1044 27
998 999 64
999 1000 28
999 1001 62
999 1013 602
999 1014 603
1000 1001 62
1000 1002 58
1000 1044 71
1000 1045 19
1001 1002 15
1001 1003 62
1001 1014 601
1001 1015 605
1002 1003 64
1002 1004 58
1002 1045 64
1002 1046 11
1003 1004 6
1003 1046 64
1003 1047 2
1003 1015 601
1005 1038 630
1005 1006 75
1005 1016 618
1005 1017 603
1005 1048 70
1006 1017 615
1006 1018 601
1006 1007 77
1007 1008 76
1007 1018 612
1007 1019 600
1008 1009 77
1008 1019 609
1008 1020 600
1009 1010 77
1009 1020 607
1009 1021 601
1010 1011 76
1010 1021 605
1010 1022 601
1011 1012 77
1011 1022 603
1011 1023 602
1012 1024 603
1012 1013 76
1012 1023 602
1013 1024 602
1013 1025 605
1013 1014 77
1014 1025 601
1014 1026 607
1014 1015 77
1015 1056 78
1015 1065 609
1015 1026 601
1015 1047 601
1016 1057 83
1016 1027 621
1016 1028 602
1016 1048 634
1016 1017 89
1017 1018 91
1017 1028 617
1017 1029 601
1018 1019 91
1018 1029 614
1018 1030 601
1019 1020 91
1019 1030 611
1019 1031 601
1020 1032 602
1020 1021 91
1020 1031 608
1021 1032 606
1021 1033 603
1021 1022 91
1022 1033 605
1022 1034 605
1022 1023 91
1023 1024 91
1023 1034 604
1023 1035 606
1024 1025 91
1024 1035 603
1024 1036 608
1025 1026 91
1025 1036 602
1025 1037 611
1026 1065 93
1026 1074 614
1026 1037 603
1027 1057 641
1027 1066 97
1027 1028 104
1028 1029 106
1029 1030 106
1030 1031 106
1031 1032 106
1032 1033 106
1033 1034 106
1034 1035 106
1035 1036 106
1036 1037 106
1037 1074 108
1038 1048 616
1038 1039 62
1039 1040 62
1039 1049 613
1039 1048 631
1040 1041 62
1040 1050 610
1040 1049 628
1041 1050 624
1041 1042 62
1041 1051 608
1042 1051 621
1042 1043 62
1042 1052 606
1043 1052 617
1043 1044 62
1043 1053 604
1044 1053 614
1044 1045 62
1044 1054 603
1045 1054 612
1045 1046 62
1045 1055 602
1046 1056 601
1046 1055 609
1046 1047 62
1047 1056 607
1048 1049 76
1048 1057 616
1049 1057 636
1049 1050 77
1049 1058 613
1050 1059 610
1050 1058 632
1050 1051 77
1051 1059 628
1051 1052 77
1051 1060 608
1052 1061 606
1052 1060 624
1052 1053 77
1053 1062 604
1053 1061 621
1053 1054 77
1054 1063 603
1054 1062 618
1054 1055 77
1055 1056 76
1055 1064 602
1055 1063 614
1056 1064 611
1056 1065 601
1057 1058 91
1057 1066 619
1058 1067 616
1058 1066 644
1058 1059 91
1059 1067 640
1059 1060 91
1059 1068 613
1060 1069 611
1060 1068 636
1060 1061 91
1061 1070 608
1061 1069 632
1061 1062 91
1062 1071 606
1062 1070 628
1062 1063 91
1063 1064 91
1063 1072 605
1063 1071 624
1064 1072 620
1064 1065 91
1064 1073 604
1065 1073 616
1065 1074 603
1066 1067 106
1067 1068 106
1068 1069 106
1069 1070 106
1070 1071 106
1071 1072 106
1072 1073 106
1073 1074 106
1075 1217 57
1075 1096 618
1075 1097 604
1075 1076 61
1075 1077 90
1076 1097 615
1076 1098 602
1076 1077 49
1076 1078 62
1077 1217 47
1077 1078 57
1077 1079 58
1078 1080 62
1078 1098 612
1078 1099 601
1078 1079 59
1079 1080 68
1079 1081 58
1079 1218 51
1079 1217 100
1080 1081 64
1080 1082 62
1080 1099 609
1080 1100 601
1081 1218 99
1081 1082 73
1081 1083 58
1081 1219 52
1082 1083 64
1082 1084 62
1082 1101 601
1082 1100 607
1083 1220 48
1083 1084 74
1083 1085 58
1083 1219 96
1084 1102 601
1084 1101 605
1084 1085 60
1084 1086 62
1085 1220 91
1085 1221 43
1085 1086 71
1085 1087 58
1086 1088 62
1086 1103 601
1086 1102 603
1086 1087 51
1087 1088 67
1087 1089 58
1087 1221 85
1087 1222 35
1088 1104 602
1088 1089 40
1088 1090 62
1088 1103 602
1089 1090 64
1089 1091 58
1089 1222 78
1089 1223 27
1090 1104 602
1090 1105 603
1090 1091 28
1090 1092 62
1091 1224 19
1091 1092 63
1091 1093 58
1091 1223 71
1092 1105 601
1092 1106 605
1092 1093 15
1092 1094 62
1093 1224 64
1093 1225 11
1093 1094 64
1093 1095 58
1094 1106 601
1094 1095 6
1095 1225 58
1095 1226 6
1096 1217 630
1096 1097 75
1096 1227 70
1096 1107 618
1096 1108 603
1097 1098 77
1097 1108 615
1097 1109 601
1098 1099 77
1098 1109 612
1098 1110 600
1099 1100 77
1099 1110 609
1099 1111 600
1100 1112 601
1100 1101 77
1100 1111 607
1101 1112 605
1101 1113 601
1101 1102 77
1102 1113 603
1102 1114 602
1102 1103 77
1103 1104 77
1103 1114 602
1103 1115 603
1104 1105 77
1104 1115 602
1104 1116 605
1105 1106 77
1105 1116 601
1105 1117 607
1106 1117 601
1107 1227 634
1107 1108 89
1107 1237 83
1107 1118 621
1107 1119 602
1108 1120 601
1108 1109 91
1108 1119 617
1109 1120 614
1109 1121 601
1109 1110 91
1110 1121 611
1110 1122 601
1110 1111 91
1111 1112 91
1111 1122 608
1111 1123 602
1112 1113 91
1112 1123 606
1112 1124 603
1113 1114 91
1113 1124 605
1113 1125 605
1114 1115 91
1114 1125 604
1114 1126 606
1115 1116 91
1115 1126 603
1115 1127 608
1116 1128 611
1116 1117 91
1116 1127 602
1117 1128 603
1118 1129 621
1118 1130 602
1118 1237 641
1118 1119 104
1118 1247 97
1119 1120 106
1119 1130 617
1119 1131 600
1120 1121 106
1120 1131 614
1120 1132 599
1121 1122 106
1121 1132 610
1121 1133 600
1122 1123 106
1122 1133 608
1122 1134 600
1123 1124 106
1123 1134 605
1123 1135 602
1124 1136 603
1124 1125 106
1124 1135 603
1125 1136 602
1125 1137 605
1125 1126 106
1126 1137 601
1126 1138 607
1126 1127 106
1127 1128 106
1127 1138 600
1127 1139 610
1128 1255 108
1128 1264 614
1128 1265 601
1128 1139 600
1128 1246 602
1129 1256 111
1129 1130 120
1129 1140 620
1129 1141 600
1129 1247 648
1130 1131 122
1130 1141 616
1130 1142 599
1131 1132 122
1131 1142 613
1131 1143 600
1132 1144 600
1132 1133 122
1132 1143 610
1133 1144 607
1133 1145 602
1133 1134 122
1134 1145 605
1134 1146 604
1134 1135 122
1135 1136 122
1135 1146 603
1135 1147 606
1136 1137 122
1136 1147 602
1136 1148 608
1137 1138 122
1137 1148 601
1137 1149 611
1138 1139 122
1138 1149 601
1138 1150 614
1139 1150 601
1140 1152 600
1140 1256 650
1140 1266 125
1140 1141 135
1140 1151 622
1141 1152 618
1141 1153 600
1141 1142 137
1142 1153 615
1142 1154 600
1142 1143 137
1143 1144 137
1143 1154 611
1143 1155 602
1144 1145 137
1144 1155 609
1144 1156 604
1145 1146 137
1145 1156 606
1145 1157 607
1146 1147 137
1146 1157 605
1146 1158 609
1147 1148 137
1147 1158 603
1147 1159 612
1148 1160 615
1148 1149 137
1148 1159 602
1149 1160 602
1149 1161 619
1149 1150 137
1150 1161 602
1151 1152 150
1151 1162 622
1151 1163 601
1151 1266 657
1151 1276 140
1152 1153 153
1152 1163 618
1152 1164 600
1153 1154 153
1153 1164 614
1153 1165 600
1154 1155 153
1154 1165 611
1154 1166 602
1155 1156 153
1155 1166 608
1155 1167 604
1156 1168 606
1156 1157 153
1156 1167 605
1157 1168 603
1157 1169 609
1157 1158 153
1158 1169 602
1158 1170 612
1158 1159 153
1159 1160 153
1159 1170 601
1159 1171 616
1160 1161 153
1160 1171 600
1160 1172 620
1161 1172 600
1162 1286 155
1162 1163 166
1162 1173 619
1162 1174 601
1162 1276 666
1163 1164 169
1163 1174 616
1163 1175 601
1164 1176 603
1164 1165 169
1164 1175 612
1165 1176 609
1165 1177 605
1165 1166 169
1166 1177 607
1166 1178 607
1166 1167 169
1167 1168 169
1167 1178 605
1167 1179 611
1168 1169 169
1168 1179 603
1168 1180 614
1169 1170 169
1169 1180 602
1169 1181 617
1170 1171 169
1170 1181 601
1170 1182 621
1171 1172 169
1171 1182 601
1171 1183 625
1172 1183 601
1173 1184 665
1173 1185 611
1173 1286 665
1173 1296 168
1173 1174 181
1174 1185 654
1174 1186 603
1174 1175 184
1175 1176 184
1175 1186 644
1175 1187 600
1176 1177 184
1176 1187 634
1176 1188 599
1177 1178 184
1177 1188 625
1177 1189 600
1178 1179 184
1178 1189 617
1178 1190 603
1179 1180 184
1179 1190 611
1179 1191 607
1180 1192 612
1180 1181 184
1180 1191 606
1181 1192 603
1181 1193 619
1181 1182 184
1182 1193 601
1182 1194 627
1182 1183 184
1183 1194 600
1184 1185 209
1184 1195 667
1184 1196 606
1184 1296 745
1184 1306 195
1185 1186 213
1185 1196 655
1185 1197 600
1186 1187 213
1186 1197 644
1186 1198 599
1187 1188 213
1187 1198 634
1187 1199 600
1188 1200 603
1188 1189 213
1188 1199 625
1189 1200 618
1189 1201 608
1189 1190 213
1190 1201 612
1190 1202 614
1190 1191 213
1191 1192 213
1191 1202 607
1191 1203 621
1192 1193 213
1192 1203 603
1192 1204 629
1193 1194 213
1193 1204 601
1193 1205 638
1194 1205 601
1195 1316 221
1195 1196 237
1195 1206 712
1195 1207 652
1195 1306 758
1196 1208 647
1196 1197 242
1196 1207 701
1197 1208 690
1197 1209 647
1197 1198 242
1198 1209 680
1198 1210 649
1198 1199 242
1199 1200 242
1199 1210 671
1199 1211 652
1200 1201 242
1200 1211 664
1200 1212 658
1201 1202 242
1201 1212 658
1201 1213 664
1202 1203 242
1202 1213 653
1202 1214 672
1203 1204 242
1203 1214 650
1203 1215 681
1204 1216 691
1204 1205 242
1204 1215 648
1205 1216 647
1206 1316 815
1206 1326 248
1206 1207 267
1207 1208 271
1208 1209 271
1209 1210 271
1210 1211 271
1211 1212 271
1212 1213 271
1213 1214 271
1214 1215 271
1215 1216 271
1216 1325 646
1216 1334 277
1217 1218 62
1217 1227 616
1218 1219 62
1218 1228 613
1218 1227 631
1219 1228 628
1219 1220 62
1219 1229 610
1220 1229 624
1220 1221 62
1220 1230 608
1221 1230 621
1221 1222 62
1221 1231 606
1222 1232 605
1222 1231 617
1222 1223 62
1223 1224 62
1223 1233 603
1223 1232 614
1224 1225 62
1224 1234 602
1224 1233 612
1225 1234 609
1225 1226 62
1225 1235 601
1226 1235 607
1226 1236 601
1227 1228 76
1227 1237 616
1228 1237 636
1228 1229 77
1228 1238 613
1229 1238 632
1229 1230 77
1229 1239 610
1230 1240 608
1230 1239 628
1230 1231 77
1231 1232 77
1231 1241 606
1231 1240 624
1232 1233 77
1232 1242 604
1232 1241 621
1233 1242 618
1233 1234 77
1233 1243 603
1234 1235 77
1234 1244 602
1234 1243 614
1235 1244 611
1235 1236 77
1235 1245 601
1236 1245 609
1236 1246 601
1237 1238 91
1237 1247 619
1238 1248 616
1238 1247 644
1238 1239 91
1239 1240 91
1239 1249 613
1239 1248 640
1240 1241 91
1240 1250 611
1240 1249 636
1241 1242 91
1241 1251 608
1241 1250 632
1242 1243 91
1242 1252 606
1242 1251 628
1243 1244 91
1243 1253 605
1243 1252 624
1244 1253 620
1244 1245 91
1244 1254 604
1245 1254 616
1245 1246 91
1245 1255 603
1246 1255 613
1247 1248 106
1247 1256 618
1248 1256 651
1248 1249 106
1248 1257 615
1249 1257 646
1249 1250 106
1249 1258 612
1250 1258 640
1250 1251 106
1250 1259 609
1251 1259 635
1251 1252 106
1251 1260 606
1252 1261 604
1252 1260 630
1252 1253 106
1253 1262 603
1253 1261 626
1253 1254 106
1254 1263 601
1254 1262 621
1254 1255 106
1255 1264 601
1255 1263 617
1256 1257 122
1256 1266 617
1257 1258 122
1257 1267 614
1257 1266 654
1258 1259 122
1258 1268 611
1258 1267 650
1259 1260 122
1259 1269 609
1259 1268 645
1260 1269 640
1260 1261 122
1260 1270 606
1261 1270 635
1261 1262 122
1261 1271 604
1262 1272 603
1262 1271 630
1262 1263 122
1263 1264 122
1263 1273 602
1263 1272 626
1264 1265 122
1264 1274 601
1264 1273 621
1265 1274 617
1265 1275 601
1266 1267 137
1266 1276 620
1267 1268 137
1267 1277 616
1267 1276 664
1268 1277 659
1268 1269 137
1268 1278 613
1269 1278 653
1269 1270 137
1269 1279 611
1270 1280 608
1270 1279 648
1270 1271 137
1271 1272 137
1271 1281 606
1271 1280 643
1272 1273 137
1272 1282 605
1272 1281 637
1273 1282 632
1273 1274 137
1273 1283 603
1274 1283 627
1274 1275 137
1274 1284 602
1275 1284 623
1275 1285 602
1276 1277 153
1276 1286 619
1277 1286 671
1277 1278 153
1277 1287 615
1278 1288 612
1278 1287 665
1278 1279 153
1279 1280 153
1279 1289 609
1279 1288 659
1280 1281 153
1280 1290 606
1280 1289 653
1281 1290 647
1281 1282 153
1281 1291 604
1282 1291 641
1282 1283 153
1282 1292 603
1283 1292 635
1283 1284 153
1283 1293 601
1284 1293 630
1284 1285 153
1284 1294 601
1285 1294 625
1285 1295 600
1286 1296 617
1286 1287 169
1287 1288 169
1287 1297 614
1287 1296 673
1288 1289 169
1288 1298 611
1288 1297 668
1289 1298 662
1289 1290 169
1289 1299 608
1290 1299 657
1290 1291 169
1290 1300 606
1291 1300 651
1291 1292 169
1291 1301 604
1292 1301 646
1292 1293 169
1292 1302 603
1293 1302 640
1293 1294 169
1293 1303 602
1294 1304 601
1294 1303 635
1294 1295 169
1295 1304 630
1295 1305 601
1296 1297 184
1296 1306 656
1297 1306 748
1297 1298 184
1297 1307 645
1298 1307 733
1298 1299 184
1298 1308 635
1299 1308 718
1299 1300 184
1299 1309 627
1300 1309 702
1300 1301 184
1300 1310 619
1301 1310 688
1301 1302 184
1301 1311 612
1302 1312 607
1302 1311 674
1302 1303 184
1303 1304 184
1303 1313 603
1303 1312 662
1304 1305 184
1304 1314 601
1304 1313 650
1305 1314 639
1305 1315 600
1306 1307 213
1306 1316 658
1307 1308 213
1307 1317 647
1307 1316 766
1308 1317 751
1308 1309 213
1308 1318 637
1309 1318 735
1309 1310 213
1309 1319 628
1310 1320 620
1310 1319 720
1310 1311 213
1311 1312 213
1311 1321 614
1311 1320 705
1312 1313 213
1312 1322 609
1312 1321 690
1313 1314 213
1313 1323 605
1313 1322 676
1314 1323 663
1314 1315 213
1314 1324 602
1315 1324 651
1315 1325 601
1316 1317 242
1316 1326 703
1317 1326 825
1317 1318 242
1317 1327 692
1318 1328 682
1318 1327 809
1318 1319 242
1319 1320 242
1319 1329 674
1319 1328 793
1320 1321 242
1320 1330 666
1320 1329 777
1321 1322 242
1321 1331 660
1321 1330 761
1322 1331 746
1322 1323 242
1322 1332 654
1323 1324 242
1323 1333 651
1323 1332 732
1324 1333 718
1324 1325 242
1324 1334 648
1325 1334 705
1326 1327 271
1327 1328 271
1328 1329 271
1329 1330 271
1330 1331 271
1331 1332 271
1332 1333 271
1333 1334 271
