1335 airplane100 V=1335 E=3789
0 1 971
0 2 1258
0 3 739
0 4 739
0 115 971
0 117 1164
1 2 739
1 4 1164
1 5 739
1 13 971
1 14 1258
2 226 6880
2 3 1067
2 14 1067
2 223 6921
3 226 7003
3 115 1258
3 116 1067
3 229 6895
4 117 832
4 118 1046
4 5 832
4 6 739
5 15 832
5 13 1164
5 6 1046
5 7 739
6 8 739
6 119 919
6 118 657
6 7 657
7 8 919
7 9 739
7 16 657
7 15 1046
8 120 807
8 9 453
8 10 739
8 119 453
9 16 919
9 17 453
9 10 807
9 11 739
10 120 230
10 11 230
10 12 739
11 17 807
11 18 230
11 12 739
12 96 739
12 66 739
12 36 739
12 102 739
12 72 739
12 42 739
12 108 739
12 120 739
12 78 739
12 48 739
12 18 739
12 114 739
12 84 739
12 54 739
12 24 739
12 90 739
12 60 739
12 30 739
13 19 971
13 20 1258
13 14 739
13 15 739
14 220 6818
14 20 1067
14 223 6835
15 16 739
15 19 1164
15 21 832
16 17 739
16 21 1046
16 22 657
17 18 739
17 22 919
17 23 453
18 24 230
18 23 807
19 25 971
19 26 1258
19 20 739
19 21 739
20 217 6704
20 26 1067
20 220 6765
21 25 1164
21 27 832
21 22 739
22 27 1046
22 28 657
22 23 739
23 24 739
23 28 919
23 29 453
24 29 807
24 30 230
25 32 1258
25 26 739
25 27 739
25 31 971
26 32 1067
26 217 6675
26 214 6591
27 33 832
27 28 739
27 31 1164
28 33 1046
28 34 657
28 29 739
29 34 919
29 35 453
29 30 739
30 35 807
30 36 230
31 32 739
31 33 739
31 37 971
31 38 1258
32 211 6489
32 214 6575
32 38 1067
33 34 739
33 37 1164
33 39 832
34 40 657
34 35 739
34 39 1046
35 40 919
35 41 453
35 36 739
36 41 807
36 42 230
37 43 971
37 44 1258
37 38 739
37 39 739
38 208 6409
38 211 6472
38 44 1067
39 40 739
39 43 1164
39 45 832
40 41 739
40 45 1046
40 46 657
41 42 739
41 46 919
41 47 453
42 48 230
42 47 807
43 49 971
43 50 1258
43 44 739
43 45 739
44 208 6379
44 50 1067
44 205 6360
45 49 1164
45 51 832
45 46 739
46 51 1046
46 52 657
46 47 739
47 48 739
47 52 919
47 53 453
48 53 807
48 54 230
49 56 1258
49 50 739
49 51 739
49 55 971
50 56 1067
50 200 1067
50 205 6303
50 199 6348
51 57 832
51 52 739
51 55 1164
52 57 1046
52 58 657
52 53 739
53 58 919
53 59 453
53 54 739
54 59 807
54 60 230
55 56 739
55 57 739
55 61 971
55 62 1258
56 62 1067
57 58 739
57 61 1164
57 63 832
58 64 657
58 59 739
58 63 1046
59 64 919
59 65 453
59 60 739
60 65 807
60 66 230
61 67 971
61 68 1258
61 62 739
61 63 739
62 68 1067
62 198 6238
62 200 1067
62 811 1067
62 812 6434
63 64 739
63 67 1164
63 69 832
64 65 739
64 69 1046
64 70 657
65 66 739
65 70 919
65 71 453
66 72 230
66 71 807
67 73 971
67 74 1258
67 68 739
67 69 739
68 74 1067
69 73 1164
69 75 832
69 70 739
70 75 1046
70 76 657
70 71 739
71 72 739
71 76 919
71 77 453
72 77 807
72 78 230
73 80 1258
73 74 739
73 75 739
73 79 971
74 80 1067
74 818 6630
74 811 1067
74 815 6303
75 81 832
75 76 739
75 79 1164
76 81 1046
76 82 657
76 77 739
77 82 919
77 83 453
77 78 739
78 83 807
78 84 230
79 80 739
79 81 739
79 85 971
79 86 1258
80 818 6379
80 821 6745
80 86 1067
81 82 739
81 85 1164
81 87 832
82 88 657
82 83 739
82 87 1046
83 88 919
83 89 453
83 84 739
84 89 807
84 90 230
85 91 971
85 92 1258
85 86 739
85 87 739
86 824 6856
86 92 1067
86 821 6473
87 88 739
87 91 1164
87 93 832
88 89 739
88 93 1046
88 94 657
89 90 739
89 94 919
89 95 453
90 96 230
90 95 807
91 97 971
91 98 1258
91 92 739
91 93 739
92 824 6575
92 98 1067
92 827 6953
93 97 1164
93 99 832
93 94 739
94 99 1046
94 100 657
94 95 739
95 96 739
95 100 919
95 101 453
96 101 807
96 102 230
97 104 1258
97 98 739
97 99 739
97 103 971
98 104 1067
98 827 6676
98 830 7026
99 105 832
99 100 739
99 103 1164
100 105 1046
100 106 657
100 101 739
101 106 919
101 107 453
101 102 739
102 107 807
102 108 230
103 104 739
103 105 739
103 109 971
103 110 1258
104 830 6765
104 833 7070
104 110 1067
105 106 739
105 109 1164
105 111 832
106 112 657
106 107 739
106 111 1046
107 112 919
107 113 453
107 108 739
108 113 807
108 114 230
109 115 971
109 116 1258
109 110 739
109 111 739
110 833 6835
110 116 1067
110 836 7082
111 112 739
111 115 1164
111 117 832
112 113 739
112 117 1046
112 118 657
113 114 739
113 118 919
113 119 453
114 120 230
114 119 807
115 116 739
115 117 739
116 836 6880
116 229 7058
117 118 739
118 119 739
119 120 739
121 749 2431
121 750 6606
121 122 2431
121 123 6645
121 124 6189
121 125 6146
122 135 2431
122 136 6549
122 123 6184
122 125 6532
122 126 6142
123 136 2669
123 323 6000
123 124 2669
123 325 6566
124 322 6000
124 323 6566
124 748 2669
124 749 6736
125 751 6679
125 750 2222
125 126 2222
125 127 6306
126 128 6298
126 137 2222
126 135 6455
126 127 6584
127 128 1919
127 129 7738
127 752 7935
127 751 1919
128 129 7786
128 130 7700
128 137 6479
128 138 1919
129 752 1154
129 753 6573
129 130 1154
129 131 6482
130 138 7566
130 131 6516
130 132 6471
130 139 1154
131 753 770
131 754 4608
131 132 770
131 133 4552
132 139 6440
132 140 770
132 133 4571
132 134 4543
133 754 496
133 134 496
134 140 4517
134 141 496
135 136 6171
135 137 6132
135 142 2431
135 143 6458
136 325 6000
136 327 6566
136 143 2669
137 144 2222
137 138 6277
137 142 6381
138 144 6373
138 145 1919
138 139 7589
139 145 7292
139 146 1154
139 140 6438
140 146 6350
140 147 770
140 141 4519
141 147 4455
141 148 496
142 144 6116
142 149 2431
142 150 6380
142 143 6150
143 329 6566
143 150 2669
143 327 6000
144 145 6244
144 149 6318
144 151 2222
145 152 1919
145 146 7413
145 151 6277
146 152 6986
146 153 1154
146 147 6386
147 153 6256
147 154 770
147 148 4481
148 154 4388
148 155 496
149 156 2431
149 157 6324
149 150 6124
149 151 6096
150 329 6000
150 331 6566
150 157 2669
151 152 6202
151 156 6274
151 158 2222
152 153 7185
152 158 6202
152 159 1919
153 160 1154
153 154 6320
153 159 6677
154 160 6167
154 161 770
154 155 4433
155 161 4324
155 162 496
156 163 2431
156 164 6295
156 157 6095
156 158 6073
157 331 6000
157 164 2669
157 333 6566
158 163 6252
158 165 2222
158 159 6155
159 160 6923
159 165 6155
159 166 1919
160 161 6245
160 166 6394
160 167 1154
161 168 770
161 162 4379
161 167 6091
162 168 4269
162 169 496
163 170 2431
163 171 6298
163 164 6066
163 165 6050
164 171 2669
164 333 6000
164 335 6566
165 170 6255
165 172 2222
165 166 6107
166 172 6141
166 173 1919
166 167 6652
167 168 6170
167 173 6173
167 174 1154
168 169 4324
168 174 6037
168 175 770
169 176 496
169 175 4228
170 177 2431
170 178 6332
170 171 6039
170 172 6030
171 337 6566
171 178 2669
171 335 6000
172 177 6283
172 179 2222
172 173 6064
173 179 6163
173 180 1919
173 174 6397
174 180 6042
174 181 1154
174 175 6102
175 176 4274
175 181 6010
175 182 770
176 182 4207
176 183 496
177 184 2431
177 185 6392
177 178 6018
177 179 6014
178 337 6000
178 185 2669
178 339 6566
179 184 6332
179 186 2222
179 180 6029
180 186 6218
180 187 1919
180 181 6187
181 187 6019
181 188 1154
181 182 6047
182 188 6014
182 189 770
182 183 4234
183 189 4207
183 190 496
184 192 6473
184 185 6004
184 186 6003
184 191 2431
185 192 2669
185 339 6000
185 341 6566
186 193 2222
186 187 6007
186 191 6398
187 193 6299
187 194 1919
187 188 6048
188 194 6110
188 195 1154
188 189 6012
189 195 6049
189 196 770
189 190 4208
190 196 4229
190 197 496
191 192 6000
191 193 6000
191 804 6566
191 805 2431
192 928 6566
192 804 2669
192 341 6000
193 194 6000
193 805 6473
193 806 2222
194 195 6000
194 806 6398
194 807 1919
195 808 1154
195 196 6000
195 807 6299
196 808 6110
196 809 770
196 197 4201
197 809 4271
197 810 496
198 199 1866
198 200 6373
198 201 6077
198 812 1866
198 813 6497
199 200 6255
199 201 6401
199 202 6091
199 205 1866
201 202 2454
201 203 6006
201 813 2454
201 814 6555
202 203 6504
202 204 6008
202 205 6335
202 206 2454
203 298 6000
203 204 2669
203 893 6566
203 814 2669
204 298 6566
204 299 6000
204 206 6460
204 207 2669
205 208 1866
205 206 6130
206 208 6305
206 209 2453
206 207 6015
207 209 6427
207 210 2669
207 299 6566
207 302 6000
208 209 6192
208 211 1866
209 210 6025
209 211 6316
209 212 2454
210 304 6000
210 212 6408
210 213 2669
210 302 6566
211 212 6268
211 214 1866
212 213 6038
212 214 6365
212 215 2454
213 216 2669
213 306 6000
213 304 6566
213 215 6405
214 217 1866
214 215 6352
215 216 6053
215 217 6447
215 218 2454
216 218 6418
216 219 2669
216 308 6000
216 306 6566
217 218 6435
217 220 1866
218 219 6067
218 220 6554
218 221 2454
219 310 6000
219 308 6566
219 221 6447
219 222 2669
220 221 6509
220 223 1866
221 224 2453
221 222 6080
221 223 6674
222 224 6488
222 225 2669
222 312 6000
222 310 6566
223 224 6567
223 226 1866
224 225 6090
224 226 6794
224 227 2454
225 312 6566
225 314 6000
225 227 6537
225 228 2669
226 227 6604
226 229 1866
227 228 6097
227 229 6903
227 230 2454
228 314 6566
228 316 6000
228 230 6588
228 231 2669
229 836 1866
229 230 6616
230 836 6992
230 837 2454
230 231 6099
231 838 2669
231 316 6566
231 837 6638
231 318 6000
232 840 3120
232 233 3120
232 234 6621
232 235 6023
232 236 6000
232 841 6762
233 234 6085
233 236 6762
233 237 6000
233 244 3109
233 245 6636
234 301 6000
234 235 2669
234 245 2669
234 303 6566
235 840 6779
235 300 6000
235 301 6566
235 839 2669
236 841 3120
236 842 6762
236 237 3120
236 238 6000
237 246 3109
237 244 6757
237 238 6762
237 239 6000
238 240 6000
238 842 3120
238 843 6762
238 239 3120
239 240 6762
239 241 6000
239 246 6757
239 247 3109
240 241 3120
240 242 6023
240 843 3120
240 844 6621
241 248 3109
241 242 6779
241 243 6085
241 247 6757
242 320 6000
242 243 2669
242 844 2669
242 911 6566
243 248 6987
243 249 2669
243 320 6566
243 321 6000
244 250 2945
244 251 6991
244 245 6328
244 246 6000
245 305 6566
245 251 2669
245 303 6000
246 250 6683
246 252 2945
246 247 6000
247 248 6000
247 252 6683
247 253 2945
248 249 6328
248 253 6683
248 254 2945
249 321 6566
249 324 6000
249 254 6738
249 255 2669
250 256 3116
250 257 6984
250 251 6215
250 252 6000
251 257 2669
251 307 6566
251 305 6000
252 256 6761
252 258 3116
252 253 6000
253 258 6761
253 259 3116
253 254 6000
254 259 6761
254 260 3116
254 255 6215
255 260 6464
255 261 2669
255 326 6000
255 324 6566
256 257 6025
256 258 6000
256 262 3120
256 263 6762
257 307 6000
257 309 6566
257 263 2669
258 264 3120
258 259 6000
258 262 6762
259 264 6762
259 265 3120
259 260 6000
260 265 6762
260 266 3120
260 261 6025
261 328 6000
261 266 6566
261 267 2669
261 326 6566
262 264 6000
262 268 2669
262 269 6566
262 263 6000
263 309 6000
263 269 2669
263 311 6566
264 265 6000
264 268 6566
264 270 2669
265 266 6000
265 270 6566
265 271 2669
266 272 2669
266 267 6000
266 271 6566
267 272 6566
267 273 2669
267 330 6000
267 328 6566
268 274 2669
268 275 6566
268 269 6000
268 270 6000
269 313 6566
269 275 2669
269 311 6000
270 274 6566
270 276 2669
270 271 6000
271 272 6000
271 276 6566
271 277 2669
272 273 6000
272 277 6566
272 278 2669
273 330 6566
273 332 6000
273 278 6566
273 279 2669
274 280 2669
274 281 6566
274 275 6000
274 276 6000
275 281 2669
275 315 6566
275 313 6000
276 280 6566
276 282 2669
276 277 6000
277 282 6566
277 283 2669
277 278 6000
278 283 6566
278 284 2669
278 279 6000
279 284 6566
279 285 2669
279 334 6000
279 332 6566
280 281 6000
280 282 6000
280 286 2669
280 287 6566
281 315 6000
281 317 6566
281 287 2669
282 288 2669
282 283 6000
282 286 6566
283 288 6566
283 289 2669
283 284 6000
284 289 6566
284 290 2669
284 285 6000
285 336 6000
285 290 6566
285 291 2669
285 334 6566
286 288 6000
286 292 2669
286 293 6566
286 287 6000
287 317 6000
287 293 2669
287 319 6566
288 289 6000
288 292 6566
288 294 2669
289 290 6000
289 294 6566
289 295 2669
290 296 2669
290 291 6000
290 295 6566
291 296 6566
291 297 2669
291 338 6000
291 336 6566
292 888 2669
292 293 6000
292 294 6000
292 887 6566
293 887 2669
293 910 6566
293 319 6000
294 888 6566
294 889 2669
294 295 6000
295 296 6000
295 889 6566
295 890 2669
296 297 6000
296 890 6566
296 891 2669
297 892 2669
297 338 6566
297 891 6566
297 340 6000
298 299 2669
298 300 6000
298 893 2669
298 894 6566
299 300 6566
299 301 6000
299 302 2669
300 301 2669
300 894 2669
300 839 6566
301 302 6566
301 303 2669
302 304 2669
302 303 6000
303 304 6566
303 305 2669
304 305 6000
304 306 2669
305 306 6566
305 307 2669
306 307 6000
306 308 2669
307 308 6566
307 309 2669
308 309 6000
308 310 2669
309 310 6566
309 311 2669
310 312 2669
310 311 6000
311 312 6566
311 313 2669
312 313 6000
312 314 2669
313 314 6566
313 315 2669
314 315 6000
314 316 2669
315 316 6566
315 317 2669
316 317 6000
316 318 2669
317 318 6566
317 319 2669
318 909 2669
318 838 6566
318 319 6000
319 909 6566
319 910 2669
320 912 6566
320 321 2669
320 322 6000
320 911 2669
321 322 6566
321 323 6000
321 324 2669
322 912 2669
322 323 2669
322 748 6566
323 324 6566
323 325 2669
324 325 6000
324 326 2669
325 326 6566
325 327 2669
326 328 2669
326 327 6000
327 328 6566
327 329 2669
328 329 6000
328 330 2669
329 330 6566
329 331 2669
330 331 6000
330 332 2669
331 332 6566
331 333 2669
332 333 6000
332 334 2669
333 334 6566
333 335 2669
334 336 2669
334 335 6000
335 336 6566
335 337 2669
336 337 6000
336 338 2669
337 338 6566
337 339 2669
338 339 6000
338 340 2669
339 340 6566
339 341 2669
340 892 6566
340 341 6000
340 927 2669
341 928 2669
341 927 6566
342 344 2739
342 345 1097
342 343 3152
343 344 975
343 364 4352
343 365 4004
344 345 3221
344 346 975
344 365 4449
344 366 4074
345 346 2776
345 347 1098
346 347 3294
346 348 975
346 366 4551
346 367 4151
347 348 2817
347 349 1097
348 368 4233
348 349 3369
348 350 975
348 367 4659
349 350 2862
349 351 1098
350 352 975
350 369 4323
350 368 4772
350 351 3447
351 352 2912
351 353 1098
352 353 3528
352 354 975
352 369 4889
352 370 4419
353 354 2966
353 355 1097
354 371 4521
354 370 5011
354 355 3611
354 356 975
355 356 3025
355 357 1098
356 371 5136
356 372 4628
356 357 3697
356 358 975
357 358 3089
357 359 1098
358 360 974
358 372 5265
358 373 4743
358 359 3784
359 360 3160
359 361 1097
360 361 3873
360 362 933
360 373 5395
360 374 4930
361 362 3321
361 363 1051
362 363 3953
362 374 5513
364 376 3284
364 365 791
364 375 3608
365 376 3699
365 377 3354
365 366 791
366 377 3794
366 378 3430
366 367 790
367 368 791
367 378 3892
367 379 3510
368 369 790
368 379 3995
368 380 3597
369 370 790
369 380 4101
369 381 3687
370 371 791
370 381 4209
370 382 3782
371 372 790
371 382 4321
371 383 3881
372 384 3986
372 373 790
372 383 4434
373 384 4550
373 385 4156
373 374 756
374 385 4652
375 376 636
375 386 3792
375 387 3535
376 377 637
376 387 3875
376 388 3605
377 378 636
377 388 3961
377 389 3679
378 379 636
378 389 4051
378 390 3755
379 380 636
379 390 4143
379 391 3836
380 392 3920
380 381 636
380 391 4238
381 392 4336
381 393 4008
381 382 636
382 393 4436
382 394 4100
382 383 637
383 384 635
383 394 4540
383 395 4196
384 385 609
384 395 4644
384 396 4337
385 396 4737
386 387 493
387 388 514
388 389 493
389 390 494
390 391 494
391 392 493
392 393 494
393 394 493
394 395 494
395 396 472
397 451 469
397 452 440
397 398 488
397 399 902
397 400 582
398 418 6151
398 419 6359
398 399 617
398 400 982
398 401 626
399 419 6182
399 461 6101
399 451 575
400 401 590
400 402 581
400 452 517
400 453 522
401 418 6318
401 402 1007
401 403 627
401 420 6120
402 403 640
402 404 582
402 453 518
402 454 555
403 420 6272
403 404 1007
403 405 627
403 421 6094
404 454 486
404 405 645
404 406 582
404 455 563
405 422 6072
405 421 6231
405 406 979
405 407 626
406 408 581
406 455 430
406 456 564
406 407 600
407 408 918
407 409 628
407 422 6192
407 423 6053
408 456 357
408 409 513
408 410 581
408 457 566
409 424 6038
409 410 832
409 411 627
409 423 6156
410 457 276
410 458 576
410 411 406
410 412 582
411 424 6126
411 425 6027
411 412 740
411 413 628
412 458 191
412 459 597
412 413 284
412 414 581
413 425 6099
413 426 6020
413 414 649
413 415 626
414 416 582
414 417 642
414 459 111
414 460 631
414 415 156
415 416 573
415 417 627
415 426 6077
415 427 6016
416 417 66
417 460 27
417 427 6058
417 428 6016
418 419 757
418 420 770
418 429 6150
418 430 6406
419 470 6094
419 461 705
419 430 6182
420 429 6364
420 421 769
420 431 6120
421 432 6094
421 422 770
421 431 6316
422 432 6271
422 433 6071
422 423 770
423 424 769
423 433 6228
423 434 6053
424 425 771
424 434 6188
424 435 6038
425 426 769
425 435 6155
425 436 6027
426 427 770
426 436 6124
426 437 6019
427 428 770
427 437 6098
427 438 6016
428 459 6043
428 460 6014
428 469 788
428 438 6076
428 439 6015
429 440 6178
429 441 6507
429 430 896
429 431 913
430 441 6215
430 470 835
430 479 6125
431 432 912
431 442 6144
431 440 6454
432 433 913
432 442 6397
432 443 6114
433 434 912
433 443 6343
433 444 6089
434 435 912
434 444 6290
434 445 6068
435 436 912
435 445 6242
435 446 6053
436 437 913
436 446 6202
436 447 6041
437 448 6033
437 438 913
437 447 6166
438 448 6135
438 449 6029
438 439 913
439 449 6108
439 450 6030
439 469 6057
439 478 934
440 441 1045
440 442 1063
441 479 973
442 443 1063
443 444 1063
444 445 1064
445 446 1063
446 447 1064
447 448 1063
448 449 1064
449 450 1063
450 478 6089
450 487 1088
451 452 626
451 461 6161
451 462 6054
452 453 628
452 462 6134
452 463 6038
453 464 6026
453 454 627
453 463 6109
454 464 6087
454 465 6018
454 455 627
455 456 627
455 465 6067
455 466 6015
456 457 627
456 466 6049
456 467 6016
457 458 627
457 467 6036
457 468 6020
458 459 627
458 468 6025
458 469 6030
459 460 627
459 469 6019
461 470 6161
461 462 769
461 471 6044
462 472 6030
462 471 6134
462 463 770
463 464 770
463 473 6021
463 472 6109
464 465 769
464 474 6016
464 473 6086
465 474 6067
465 466 770
465 475 6016
466 467 770
466 476 6021
466 475 6050
467 476 6036
467 468 770
467 477 6028
468 477 6026
468 469 769
468 478 6041
469 478 6018
470 480 6061
470 479 6193
470 471 912
471 472 912
471 480 6163
471 481 6045
472 473 913
472 482 6035
472 481 6135
473 474 913
473 482 6110
473 483 6031
474 475 913
474 484 6033
474 483 6088
475 485 6040
475 476 912
475 484 6069
476 485 6053
476 477 913
476 486 6051
477 487 6068
477 478 913
477 486 6042
478 487 6034
479 480 1063
480 481 1063
481 482 1063
482 483 1064
483 484 1064
484 485 1063
485 486 1063
486 487 1064
488 489 490
488 490 903
488 491 581
488 630 471
488 631 441
489 490 616
489 491 983
489 492 627
489 509 6150
489 510 6359
490 640 6101
490 630 574
490 510 6182
491 632 523
491 492 591
491 493 581
491 631 519
492 509 6318
492 493 1008
492 494 627
492 511 6120
493 632 520
493 633 557
493 494 642
493 495 582
494 496 627
494 512 6094
494 511 6273
494 495 1008
495 496 647
495 497 582
495 634 565
495 633 488
496 512 6231
496 497 980
496 498 627
496 513 6071
497 635 565
497 498 601
497 499 582
497 634 432
498 513 6192
498 514 6053
498 499 919
498 500 627
499 636 566
499 635 359
499 500 515
499 501 581
500 514 6156
500 515 6038
500 501 833
500 502 627
501 636 277
501 637 577
501 502 407
501 503 582
502 504 627
502 515 6126
502 516 6027
502 503 740
503 504 285
503 505 581
503 637 193
503 638 598
504 505 650
504 506 627
504 516 6099
504 517 6020
505 506 158
505 507 582
505 638 113
505 639 631
506 507 573
506 508 627
506 517 6077
506 518 6016
507 508 68
507 639 63
508 518 6058
508 519 6016
509 520 6150
509 521 6407
509 510 757
509 511 770
510 640 705
510 521 6182
510 650 6095
511 512 770
511 520 6364
511 522 6120
512 513 770
512 522 6316
512 523 6094
513 514 770
513 523 6271
513 524 6071
514 515 770
514 524 6228
514 525 6053
515 516 770
515 525 6188
515 526 6038
516 517 770
516 526 6154
516 527 6027
517 528 6020
517 518 770
517 527 6125
518 528 6099
518 529 6016
518 519 770
519 529 6076
519 530 6016
520 521 897
520 522 912
520 531 6178
520 532 6507
521 660 6125
521 650 835
521 532 6215
522 531 6454
522 523 912
522 533 6144
523 524 912
523 533 6397
523 534 6114
524 525 912
524 534 6342
524 535 6089
525 536 6069
525 526 913
525 535 6290
526 536 6243
526 537 6053
526 527 913
527 528 913
527 537 6202
527 538 6041
528 529 913
528 538 6166
528 539 6033
529 530 913
529 539 6135
529 540 6029
530 540 6108
530 541 6030
531 532 1045
531 533 1063
531 542 6176
531 543 6559
532 660 973
532 669 6086
532 543 6214
533 544 6141
533 534 1063
533 542 6512
534 544 6452
534 545 6109
534 535 1063
535 536 1063
535 545 6394
535 546 6081
536 537 1063
536 546 6338
536 547 6057
537 538 1063
537 547 6286
537 548 6039
538 539 1063
538 548 6239
538 549 6024
539 540 1064
539 549 6197
539 550 6014
540 541 1063
540 550 6159
540 551 6009
541 678 6010
541 551 6125
541 552 6007
541 658 6089
541 659 6026
541 668 1088
542 544 1222
542 553 6165
542 554 6603
542 543 1201
543 554 6200
543 669 1119
543 679 6087
544 545 1222
544 555 6131
544 553 6555
545 546 1222
545 555 6494
545 556 6102
546 547 1222
546 556 6435
546 557 6076
547 548 1222
547 557 6378
547 558 6055
548 549 1222
548 558 6324
548 559 6038
549 560 6025
549 550 1222
549 559 6276
550 560 6232
550 561 6016
550 551 1222
551 552 1222
551 561 6193
551 562 6011
552 562 6157
552 563 6010
553 554 1351
553 555 1374
553 564 6186
553 565 6715
554 689 6125
554 565 6226
554 679 1258
555 556 1374
555 566 6150
555 564 6656
556 557 1374
556 566 6585
556 567 6118
557 568 6090
557 558 1374
557 567 6517
558 568 6449
558 569 6068
558 559 1375
559 560 1375
559 569 6387
559 570 6050
560 561 1375
560 570 6332
560 571 6037
561 562 1375
561 571 6283
561 572 6028
562 563 1375
562 572 6238
562 573 6024
563 573 6198
563 574 6024
564 576 6771
564 565 1506
564 566 1532
564 575 6184
565 576 6224
565 689 1403
565 699 6087
566 577 6147
566 575 6722
566 567 1532
567 568 1532
567 577 6651
567 578 6113
568 569 1532
568 578 6581
568 579 6084
569 570 1532
569 579 6513
569 580 6059
570 571 1532
570 580 6447
570 581 6040
571 572 1532
571 581 6388
571 582 6024
572 573 1532
572 582 6332
572 583 6014
573 584 6007
573 574 1532
573 583 6282
574 584 6235
574 585 6006
575 576 1666
575 577 1695
575 586 6160
575 587 6800
576 709 6112
576 587 6195
576 699 1552
577 578 1695
577 588 6128
577 586 6751
578 579 1695
578 588 6682
578 589 6099
579 580 1695
579 589 6614
579 590 6075
580 581 1695
580 590 6546
580 591 6054
581 592 6038
581 582 1695
581 591 6482
582 592 6424
582 593 6026
582 583 1695
583 584 1695
583 593 6371
583 594 6017
584 585 1695
584 594 6322
584 595 6013
585 595 6276
585 596 6012
586 587 1813
586 588 1844
586 597 6549
586 598 7583
587 709 1689
587 598 6659
587 719 6206
588 597 7473
588 589 1844
588 599 6441
589 600 6342
589 590 1844
589 599 7314
590 600 7157
590 601 6254
590 591 1844
591 592 1845
591 601 7005
591 602 6179
592 593 1845
592 602 6859
592 603 6116
593 594 1845
593 603 6722
593 604 6067
594 595 1845
594 604 6596
594 605 6032
595 596 1845
595 605 6481
595 606 6010
596 606 6378
596 607 6002
597 608 6555
597 609 7788
597 598 2096
597 599 2132
598 609 6670
598 729 6237
598 719 1952
599 600 2132
599 610 6445
599 608 7666
600 601 2132
600 610 7493
600 611 6345
601 602 2132
601 611 7324
601 612 6257
602 603 2133
602 612 7157
602 613 6182
603 604 2133
603 613 6998
603 614 6121
604 605 2133
604 614 6851
604 615 6073
605 616 6039
605 606 2133
605 615 6714
606 616 6589
606 617 6020
606 607 2133
607 617 6476
607 618 6013
608 609 2379
608 610 2420
608 619 7010
608 620 8366
609 729 2216
609 739 6680
609 620 7122
610 619 8249
610 611 2420
610 621 6901
611 612 2420
611 621 8074
611 622 6803
612 613 2420
612 622 7901
612 623 6717
613 624 6643
613 614 2421
613 623 7731
614 624 7568
614 625 6582
614 615 2421
615 616 2421
615 625 7415
615 626 6535
616 617 2421
616 626 7272
616 627 6501
617 618 2421
617 627 7141
617 628 6481
618 628 7020
618 629 6474
619 620 2670
619 621 2716
620 739 2487
621 622 2716
622 623 2716
623 624 2716
624 625 2717
625 626 2717
626 627 2717
627 628 2717
628 629 2717
629 737 6897
629 738 6469
629 747 2779
630 640 6161
630 641 6054
630 631 627
631 632 627
631 641 6134
631 642 6037
632 633 627
632 642 6109
632 643 6026
633 634 627
633 643 6086
633 644 6018
634 635 627
634 644 6066
634 645 6015
635 636 627
635 645 6050
635 646 6016
636 637 627
636 646 6036
636 647 6021
637 648 6030
637 638 627
637 647 6026
638 648 6019
638 649 6043
638 639 627
639 649 6016
640 641 769
640 650 6161
640 651 6045
641 642 770
641 651 6134
641 652 6030
642 643 770
642 652 6109
642 653 6021
643 644 770
643 653 6086
643 654 6017
644 645 770
644 654 6066
644 655 6016
645 656 6021
645 646 770
645 655 6050
646 656 6036
646 657 6029
646 647 770
647 648 770
647 657 6026
647 658 6041
648 649 770
648 658 6019
648 659 6058
649 659 6016
650 651 912
650 660 6193
650 661 6062
651 652 912
651 661 6163
651 662 6045
652 653 912
652 662 6135
652 663 6036
653 664 6032
653 654 913
653 663 6110
654 664 6088
654 665 6033
654 655 913
655 656 913
655 665 6069
655 666 6040
656 657 913
656 666 6053
656 667 6051
657 658 913
657 667 6042
657 668 6068
658 659 913
658 668 6034
660 670 6028
660 661 1063
660 669 6186
661 670 6152
661 662 1063
661 671 6016
662 671 6121
662 672 6011
662 663 1063
663 664 1063
663 673 6012
663 672 6093
664 665 1064
664 674 6018
664 673 6069
665 674 6048
665 666 1063
665 675 6029
666 667 1063
666 676 6045
666 675 6032
667 676 6019
667 668 1063
667 677 6066
668 677 6011
668 678 6092
669 680 6030
669 670 1222
669 679 6175
670 680 6144
670 681 6021
670 671 1222
671 672 1222
671 681 6115
671 682 6020
672 673 1222
672 682 6090
672 683 6025
673 674 1222
673 683 6067
673 684 6034
674 675 1222
674 684 6048
674 685 6050
675 676 1222
675 685 6033
675 686 6069
676 677 1222
676 686 6022
676 687 6094
677 688 6123
677 678 1222
677 687 6014
678 688 6011
679 680 1374
679 689 6201
679 690 6053
680 681 1374
680 690 6169
680 691 6042
681 682 1374
681 691 6138
681 692 6041
682 683 1375
682 692 6110
682 693 6047
683 684 1375
683 693 6086
683 694 6059
684 685 1375
684 694 6065
684 695 6077
685 696 6100
685 686 1375
685 695 6049
686 696 6036
686 697 6130
686 687 1375
687 688 1375
687 697 6028
687 698 6165
688 698 6024
689 690 1531
689 699 6194
689 700 6028
690 691 1532
690 700 6158
690 701 6025
691 692 1532
691 701 6125
691 702 6030
692 693 1532
692 702 6095
692 703 6042
693 704 6060
693 694 1532
693 703 6070
694 704 6048
694 705 6084
694 695 1532
695 696 1532
695 705 6031
695 706 6112
696 697 1532
696 706 6018
696 707 6146
697 698 1532
697 707 6010
697 708 6185
698 708 6006
699 700 1694
699 709 6171
699 710 6055
700 701 1695
700 710 6141
700 711 6054
701 712 6063
701 702 1695
701 711 6113
702 712 6089
702 713 6078
702 703 1695
703 704 1695
703 713 6067
703 714 6098
704 705 1695
704 714 6048
704 715 6124
705 706 1695
705 715 6034
705 716 6155
706 707 1695
706 716 6023
706 717 6191
707 708 1695
707 717 6015
707 718 6232
708 718 6012
709 720 6051
709 710 1844
709 719 6566
710 720 6458
710 721 6018
710 711 1844
711 712 1844
711 721 6359
711 722 6006
712 713 1845
712 722 6270
712 723 6011
713 714 1845
713 723 6193
713 724 6031
714 715 1845
714 724 6128
714 725 6066
715 716 1845
715 725 6076
715 726 6115
716 717 1845
716 726 6038
716 727 6178
717 728 6255
717 718 1845
717 727 6013
718 728 6002
719 720 2132
719 729 6581
719 730 6063
720 721 2132
720 730 6474
720 731 6035
721 722 2132
721 731 6375
721 732 6030
722 723 2133
722 732 6287
722 733 6045
723 724 2133
723 733 6209
723 734 6075
724 725 2133
724 734 6143
724 735 6122
725 736 6184
725 726 2133
725 735 6091
726 736 6051
726 737 6260
726 727 2133
727 728 2133
727 737 6026
727 738 6351
728 738 6014
729 730 2420
729 739 7032
729 740 6517
730 731 2420
730 740 6926
730 741 6499
731 732 2421
731 741 6829
731 742 6505
732 733 2421
732 742 6741
732 743 6530
733 744 6571
733 734 2421
733 743 6665
734 744 6601
734 745 6628
734 735 2421
735 736 2421
735 745 6549
735 746 6698
736 737 2421
736 746 6511
736 747 6782
737 738 2421
737 747 6486
739 740 2716
740 741 2716
741 742 2717
742 743 2717
743 744 2717
744 745 2717
745 746 2717
746 747 2717
748 912 6000
748 755 2669
748 756 6813
748 749 6184
749 756 2431
749 757 6669
749 750 6142
750 757 2222
750 758 6755
750 751 6298
751 752 7700
751 758 1919
751 759 8004
752 760 6604
752 753 6471
752 759 1154
753 760 770
753 761 4628
753 754 4543
754 761 496
755 912 6566
755 914 6000
755 756 6171
755 762 2669
755 763 6869
756 763 2431
756 764 6716
756 757 6132
757 764 2222
757 765 6805
757 758 6277
758 765 1919
758 766 7987
758 759 7589
759 760 6438
759 766 1154
759 767 6608
760 768 4628
760 761 4519
760 767 770
761 768 496
762 769 2669
762 770 6900
762 914 6566
762 916 6000
762 763 6150
763 770 2431
763 771 6742
763 764 6116
764 771 2222
764 772 6824
764 765 6244
765 772 1919
765 773 7886
765 766 7413
766 773 1154
766 774 6584
766 767 6386
767 768 4481
767 774 770
767 775 4609
768 775 496
769 770 6124
769 776 2669
769 777 6903
769 916 6566
769 918 6000
770 777 2431
770 778 6745
770 771 6096
771 778 2222
771 779 6812
771 772 6202
772 779 1919
772 780 7708
772 773 7185
773 780 1154
773 781 6534
773 774 6320
774 781 770
774 782 4571
774 775 4433
775 782 496
776 777 6095
776 783 2669
776 784 6877
776 918 6566
776 920 6000
777 784 2431
777 785 6724
777 778 6073
778 785 2222
778 786 6769
778 779 6155
779 786 1919
779 787 7465
779 780 6923
780 787 1154
780 788 6463
780 781 6245
781 788 770
781 789 4519
781 782 4379
782 789 496
783 784 6066
783 790 2669
783 791 6825
783 920 6566
783 922 6000
784 792 6682
784 785 6050
784 791 2431
785 792 2222
785 793 6699
785 786 6107
786 793 1919
786 794 7176
786 787 6652
787 794 1154
787 795 6376
787 788 6170
788 795 770
788 796 4456
788 789 4324
789 796 496
790 791 6039
790 922 6566
790 924 6000
790 797 2669
790 798 6751
791 792 6030
791 798 2431
791 799 6623
792 800 6608
792 793 6064
792 799 2222
793 800 1919
793 801 6865
793 794 6397
794 801 1154
794 802 6282
794 795 6102
795 802 770
795 803 4390
795 796 4274
796 803 496
797 804 2669
797 805 6662
797 798 6018
797 924 6566
797 926 6000
798 805 2431
798 806 6551
798 799 6014
799 800 6029
799 806 2222
799 807 6505
800 808 6561
800 801 6187
800 807 1919
801 808 1154
801 809 6190
801 802 6047
802 809 770
802 810 4325
802 803 4234
803 810 496
804 928 6000
804 805 6004
804 926 6566
805 806 6003
806 807 6007
807 808 6048
808 809 6012
809 810 4208
811 812 6255
811 815 6523
812 816 6611
812 813 6091
812 815 1866
813 816 2453
813 817 6606
813 814 6008
814 817 2669
814 893 6000
814 895 6566
815 816 6130
815 818 1866
815 819 6732
816 817 6015
816 819 2454
816 820 6654
817 897 6566
817 820 2669
817 895 6000
818 819 6192
818 821 1866
818 822 6849
819 820 6025
819 822 2454
819 823 6694
820 897 6000
820 899 6566
820 823 2669
821 824 1866
821 825 6949
821 822 6268
822 825 2454
822 826 6721
822 823 6038
823 826 2669
823 899 6000
823 901 6566
824 825 6352
824 827 1866
824 828 7025
825 826 6053
825 828 2454
825 829 6734
826 829 2669
826 901 6000
826 903 6566
827 828 6435
827 830 1866
827 831 7069
828 832 6731
828 829 6067
828 831 2454
829 832 2669
829 905 6566
829 903 6000
830 833 1866
830 834 7079
830 831 6509
831 832 6080
831 834 2454
831 835 6713
832 905 6000
832 835 2669
832 907 6566
833 834 6567
833 836 1866
833 837 7052
834 835 6090
834 837 2454
834 838 6681
835 907 6000
835 909 6566
835 838 2669
836 837 6604
837 838 6097
838 909 6000
839 840 6085
839 894 6000
839 845 2669
839 846 6987
840 841 6000
840 846 3109
840 847 6757
841 848 6757
841 842 6000
841 847 3109
842 848 3109
842 849 6757
842 843 6000
843 849 3109
843 850 6636
843 844 6085
844 913 6566
844 850 2669
844 911 6000
845 896 6000
845 846 6328
845 851 2669
845 852 6738
845 894 6566
846 852 2945
846 853 6683
846 847 6000
847 848 6000
847 853 2945
847 854 6683
848 849 6000
848 854 2945
848 855 6683
849 856 6991
849 850 6328
849 855 2945
850 856 2669
850 913 6000
850 915 6566
851 896 6566
851 898 6000
851 852 6216
851 857 2669
851 858 6464
852 858 3116
852 859 6761
852 853 6000
853 859 3116
853 860 6761
853 854 6000
854 860 3116
854 861 6761
854 855 6000
855 856 6216
855 861 3116
855 862 6984
856 915 6000
856 917 6566
856 862 2669
857 864 6566
857 898 6566
857 900 6000
857 858 6025
857 863 2669
858 864 3120
858 865 6762
858 859 6000
859 865 3120
859 866 6762
859 860 6000
860 866 3120
860 867 6762
860 861 6000
861 867 3120
861 868 6762
861 862 6025
862 868 2669
862 917 6000
862 919 6566
863 864 6000
863 900 6566
863 869 2669
863 902 6000
863 870 6566
864 865 6000
864 870 2669
864 871 6566
865 872 6566
865 866 6000
865 871 2669
866 872 2669
866 873 6566
866 867 6000
867 873 2669
867 874 6566
867 868 6000
868 921 6566
868 874 2669
868 919 6000
869 902 6566
869 870 6000
869 904 6000
869 875 2669
869 876 6566
870 876 2669
870 877 6566
870 871 6000
871 872 6000
871 877 2669
871 878 6566
872 873 6000
872 878 2669
872 879 6566
873 880 6566
873 874 6000
873 879 2669
874 880 2669
874 921 6000
874 923 6566
875 904 6566
875 906 6000
875 876 6000
875 881 2669
875 882 6566
876 882 2669
876 883 6566
876 877 6000
877 883 2669
877 884 6566
877 878 6000
878 884 2669
878 885 6566
878 879 6000
879 880 6000
879 885 2669
879 886 6566
880 923 6000
880 925 6566
880 886 2669
881 906 6566
881 908 6000
881 882 6000
881 887 2669
881 888 6566
882 888 2669
882 889 6566
882 883 6000
883 889 2669
883 890 6566
883 884 6000
884 890 2669
884 891 6566
884 885 6000
885 891 2669
885 892 6566
885 886 6000
886 892 2669
886 925 6000
886 927 6566
887 888 6000
887 908 6566
887 910 6000
888 889 6000
889 890 6000
890 891 6000
891 892 6000
892 927 6000
893 896 6566
893 894 6000
893 895 2669
894 896 2669
895 896 6000
895 897 2669
895 898 6566
896 898 2669
897 898 6000
897 899 2669
897 900 6566
898 900 2669
899 900 6000
899 901 2669
899 902 6566
900 902 2669
901 904 6566
901 902 6000
901 903 2669
902 904 2669
903 904 6000
903 905 2669
903 906 6566
904 906 2669
905 906 6000
905 907 2669
905 908 6566
906 908 2669
907 908 6000
907 909 2669
907 910 6566
908 910 2669
909 910 6000
911 912 6000
911 913 2669
911 914 6566
912 914 2669
913 914 6000
913 915 2669
913 916 6566
914 916 2669
915 916 6000
915 917 2669
915 918 6566
916 918 2669
917 920 6566
917 918 6000
917 919 2669
918 920 2669
919 920 6000
919 921 2669
919 922 6566
920 922 2669
921 922 6000
921 923 2669
921 924 6566
922 924 2669
923 924 6000
923 925 2669
923 926 6566
924 926 2669
925 928 6566
925 926 6000
925 927 2669
926 928 2669
927 928 6000
929 930 3221
929 931 3867
929 932 1097
929 933 1098
930 931 975
930 933 3958
930 934 975
930 951 4449
930 952 4923
931 952 4352
931 932 3152
933 934 3294
933 935 1097
934 936 975
934 953 4551
934 951 5045
934 935 4051
935 936 3369
935 937 1098
936 954 4659
936 937 4146
936 938 975
936 953 5171
937 938 3447
937 939 1098
938 954 5301
938 939 4242
938 940 975
938 955 4772
939 940 3528
939 941 1097
940 955 5434
940 956 4889
940 941 4340
940 942 975
941 942 3611
941 943 1098
942 944 975
942 956 5570
942 957 5011
942 943 4438
943 944 3697
943 945 1098
944 945 4537
944 946 975
944 957 5709
944 958 5136
945 946 3784
945 947 1097
946 947 4634
946 948 974
946 958 5849
946 959 5265
947 948 3873
947 949 1051
948 960 5395
948 949 4643
948 950 933
948 959 5989
949 950 3953
950 960 6051
950 961 5513
951 952 791
951 953 791
951 962 3699
951 963 4114
952 963 3608
953 962 4223
953 954 790
953 964 3794
954 955 791
954 964 4334
954 965 3892
955 956 790
955 965 4449
955 966 3995
956 957 790
956 966 4566
956 967 4101
957 968 4209
957 958 791
957 967 4685
958 968 4806
958 969 4321
958 959 790
959 960 790
959 969 4927
959 970 4434
960 961 756
960 970 5047
960 971 4550
961 971 5098
961 972 4652
962 963 636
962 964 637
962 973 3875
962 974 4185
963 974 3792
964 973 4284
964 965 636
964 975 3961
965 976 4051
965 966 636
965 975 4381
966 976 4484
966 977 4143
966 967 636
967 968 636
967 977 4587
967 978 4238
968 969 636
968 978 4693
968 979 4336
969 970 637
969 979 4801
969 980 4436
970 971 635
970 980 4910
970 981 4540
971 972 609
971 981 5020
971 982 4644
972 982 5077
972 983 4737
973 974 493
973 975 514
975 976 493
976 977 494
977 978 494
978 979 493
979 980 494
980 981 493
981 982 494
982 983 472
984 1005 6182
984 1006 6045
984 1038 575
984 985 617
984 986 902
985 986 488
985 987 626
985 1006 6150
985 1007 6028
986 987 576
986 988 582
986 1038 469
987 1008 6017
987 988 590
987 989 627
987 1007 6120
988 1038 1006
988 989 684
988 990 581
988 1039 518
989 1008 6094
989 1009 6011
989 990 640
989 991 627
990 992 582
990 1040 518
990 1039 996
990 991 736
991 992 645
991 993 627
991 1010 6010
991 1009 6071
992 1040 962
992 993 739
992 994 582
992 1041 486
993 1010 6052
993 994 600
993 995 628
993 1011 6013
994 1041 912
994 1042 430
994 995 711
994 996 581
995 1012 6019
995 1011 6038
995 996 513
995 997 627
996 1042 849
996 1043 357
996 997 674
996 998 582
997 1012 6027
997 1013 6027
997 998 406
997 999 628
998 1000 582
998 1043 780
998 1044 276
998 999 644
999 1000 283
999 1001 626
999 1013 6020
999 1014 6039
1000 1001 629
1000 1002 581
1000 1044 711
1000 1045 191
1001 1002 156
1001 1003 627
1001 1014 6016
1001 1015 6054
1002 1003 642
1002 1004 582
1002 1045 645
1002 1046 110
1003 1004 66
1003 1046 641
1003 1047 27
1003 1015 6015
1005 1038 6307
1005 1006 757
1005 1016 6182
1005 1017 6030
1005 1048 705
1006 1017 6150
1006 1018 6015
1006 1007 770
1007 1008 769
1007 1018 6120
1007 1019 6009
1008 1009 770
1008 1019 6094
1008 1020 6007
1009 1010 770
1009 1020 6071
1009 1021 6010
1010 1011 769
1010 1021 6053
1010 1022 6017
1011 1012 771
1011 1022 6038
1011 1023 6026
1012 1024 6038
1012 1013 769
1012 1023 6027
1013 1024 6020
1013 1025 6053
1013 1014 770
1014 1025 6016
1014 1026 6072
1014 1015 770
1015 1056 788
1015 1065 6098
1015 1026 6015
1015 1047 6014
1016 1057 835
1016 1027 6215
1016 1028 6027
1016 1048 6341
1016 1017 896
1017 1018 913
1017 1028 6178
1017 1029 6017
1018 1019 912
1018 1029 6144
1018 1030 6013
1019 1020 913
1019 1030 6114
1019 1031 6015
1020 1032 6023
1020 1021 912
1020 1031 6089
1021 1032 6069
1021 1033 6036
1021 1022 912
1022 1033 6053
1022 1034 6050
1022 1023 912
1023 1024 913
1023 1034 6041
1023 1035 6067
1024 1025 913
1024 1035 6033
1024 1036 6087
1025 1026 913
1025 1036 6029
1025 1037 6111
1026 1065 934
1026 1074 6142
1026 1037 6030
1027 1057 6411
1027 1066 973
1027 1028 1045
1028 1029 1063
1029 1030 1063
1030 1031 1063
1031 1032 1064
1032 1033 1063
1033 1034 1064
1034 1035 1063
1035 1036 1064
1036 1037 1063
1037 1074 1088
1038 1048 6161
1038 1039 627
1039 1040 627
1039 1049 6134
1039 1048 6317
1040 1041 627
1040 1050 6109
1040 1049 6282
1041 1050 6247
1041 1042 627
1041 1051 6086
1042 1051 6212
1042 1043 627
1042 1052 6066
1043 1052 6179
1043 1044 627
1043 1053 6049
1044 1053 6148
1044 1045 627
1044 1054 6036
1045 1054 6120
1045 1046 627
1045 1055 6026
1046 1056 6019
1046 1055 6095
1046 1047 627
1047 1056 6072
1048 1049 769
1048 1057 6161
1049 1057 6360
1049 1050 770
1049 1058 6134
1050 1059 6109
1050 1058 6324
1050 1051 770
1051 1059 6287
1051 1052 770
1051 1060 6087
1052 1061 6066
1052 1060 6249
1052 1053 770
1053 1062 6049
1053 1061 6214
1053 1054 770
1054 1063 6036
1054 1062 6180
1054 1055 770
1055 1056 769
1055 1064 6026
1055 1063 6149
1056 1064 6119
1056 1065 6019
1057 1058 912
1057 1066 6193
1058 1067 6163
1058 1066 6445
1058 1059 912
1059 1067 6405
1059 1060 913
1059 1068 6135
1060 1069 6110
1060 1068 6363
1060 1061 913
1061 1070 6088
1061 1069 6321
1061 1062 913
1062 1071 6069
1062 1070 6280
1062 1063 912
1063 1064 913
1063 1072 6053
1063 1071 6240
1064 1072 6202
1064 1065 913
1064 1073 6042
1065 1073 6167
1065 1074 6034
1066 1067 1063
1067 1068 1063
1068 1069 1063
1069 1070 1064
1070 1071 1064
1071 1072 1063
1072 1073 1063
1073 1074 1064
1075 1217 574
1075 1096 6182
1075 1097 6045
1075 1076 616
1075 1077 903
1076 1097 6150
1076 1098 6028
1076 1077 490
1076 1078 627
1077 1217 471
1077 1078 577
1077 1079 581
1078 1080 627
1078 1098 6120
1078 1099 6017
1078 1079 591
1079 1080 685
1079 1081 581
1079 1218 519
1079 1217 1007
1080 1081 642
1080 1082 627
1080 1099 6094
1080 1100 6011
1081 1218 997
1081 1082 737
1081 1083 582
1081 1219 520
1082 1083 647
1082 1084 627
1082 1101 6011
1082 1100 6071
1083 1220 488
1083 1084 740
1083 1085 582
1083 1219 964
1084 1102 6014
1084 1101 6053
1084 1085 601
1084 1086 627
1085 1220 913
1085 1221 432
1085 1086 712
1085 1087 582
1086 1088 627
1086 1103 6019
1086 1102 6038
1086 1087 515
1087 1088 675
1087 1089 581
1087 1221 850
1087 1222 359
1088 1104 6027
1088 1089 407
1088 1090 627
1088 1103 6027
1089 1090 644
1089 1091 582
1089 1222 781
1089 1223 278
1090 1104 6020
1090 1105 6039
1090 1091 285
1090 1092 627
1091 1224 193
1091 1092 631
1091 1093 581
1091 1223 711
1092 1105 6016
1092 1106 6054
1092 1093 158
1092 1094 627
1093 1224 645
1093 1225 113
1093 1094 643
1093 1095 582
1094 1106 6016
1094 1095 68
1095 1225 586
1095 1226 62
1096 1217 6306
1096 1097 757
1096 1227 705
1096 1107 6182
1096 1108 6030
1097 1098 770
1097 1108 6150
1097 1109 6016
1098 1099 770
1098 1109 6120
1098 1110 6009
1099 1100 770
1099 1110 6094
1099 1111 6007
1100 1112 6010
1100 1101 770
1100 1111 6071
1101 1112 6053
1101 1113 6017
1101 1102 770
1102 1113 6038
1102 1114 6026
1102 1103 770
1103 1104 770
1103 1114 6027
1103 1115 6038
1104 1105 770
1104 1115 6020
1104 1116 6053
1105 1106 770
1105 1116 6016
1105 1117 6072
1106 1117 6015
1107 1227 6341
1107 1108 897
1107 1237 835
1107 1118 6215
1107 1119 6027
1108 1120 6017
1108 1109 912
1108 1119 6178
1109 1120 6144
1109 1121 6013
1109 1110 912
1110 1121 6114
1110 1122 6015
1110 1111 912
1111 1112 912
1111 1122 6089
1111 1123 6023
1112 1113 913
1112 1123 6069
1112 1124 6036
1113 1114 913
1113 1124 6053
1113 1125 6050
1114 1115 913
1114 1125 6041
1114 1126 6067
1115 1116 913
1115 1126 6033
1115 1127 6087
1116 1128 6111
1116 1117 913
1116 1127 6029
1117 1128 6030
1118 1129 6214
1118 1130 6021
1118 1237 6411
1118 1119 1045
1118 1247 973
1119 1120 1063
1119 1130 6176
1119 1131 6004
1120 1121 1063
1120 1131 6140
1120 1132 5999
1121 1122 1063
1121 1132 6108
1121 1133 6001
1122 1123 1063
1122 1133 6081
1122 1134 6008
1123 1124 1063
1123 1134 6057
1123 1135 6021
1124 1136 6036
1124 1125 1063
1124 1135 6039
1125 1136 6024
1125 1137 6055
1125 1126 1063
1126 1137 6014
1126 1138 6078
1126 1127 1064
1127 1128 1063
1127 1138 6009
1127 1139 6105
1128 1255 1088
1128 1264 6149
1128 1265 6010
1128 1139 6007
1128 1246 6026
1129 1256 1119
1129 1130 1201
1129 1140 6200
1129 1141 6008
1129 1247 6483
1130 1131 1222
1130 1141 6165
1130 1142 5999
1131 1132 1222
1131 1142 6131
1131 1143 6001
1132 1144 6008
1132 1133 1222
1132 1143 6102
1133 1144 6076
1133 1145 6022
1133 1134 1222
1134 1145 6055
1134 1146 6040
1134 1135 1222
1135 1136 1222
1135 1146 6038
1135 1147 6061
1136 1137 1222
1136 1147 6025
1136 1148 6084
1137 1138 1222
1137 1148 6016
1137 1149 6111
1138 1139 1222
1138 1149 6011
1138 1150 6141
1139 1150 6010
1140 1152 6002
1140 1256 6507
1140 1266 1258
1140 1141 1351
1140 1151 6227
1141 1152 6187
1141 1153 6001
1141 1142 1374
1142 1153 6151
1142 1154 6009
1142 1143 1374
1143 1144 1374
1143 1154 6119
1143 1155 6023
1144 1145 1374
1144 1155 6091
1144 1156 6045
1145 1146 1375
1145 1156 6069
1145 1157 6071
1146 1147 1375
1146 1157 6051
1146 1158 6097
1147 1148 1375
1147 1158 6038
1147 1159 6127
1148 1160 6159
1148 1149 1375
1148 1159 6029
1149 1160 6025
1149 1161 6195
1149 1150 1375
1150 1161 6024
1151 1152 1506
1151 1162 6223
1151 1163 6012
1151 1266 6576
1151 1276 1403
1152 1153 1532
1152 1163 6184
1152 1164 6002
1153 1154 1532
1153 1164 6146
1153 1165 6009
1154 1155 1532
1154 1165 6113
1154 1166 6022
1155 1156 1532
1155 1166 6084
1155 1167 6042
1156 1168 6068
1156 1157 1532
1156 1167 6059
1157 1168 6039
1157 1169 6096
1157 1158 1532
1158 1169 6024
1158 1170 6128
1158 1159 1532
1159 1160 1532
1159 1170 6013
1159 1171 6163
1160 1161 1532
1160 1171 6007
1160 1172 6203
1161 1172 6006
1162 1286 1552
1162 1163 1666
1162 1173 6195
1162 1174 6010
1162 1276 6663
1163 1164 1695
1163 1174 6160
1163 1175 6015
1164 1176 6030
1164 1165 1695
1164 1175 6128
1165 1176 6099
1165 1177 6051
1165 1166 1695
1166 1177 6075
1166 1178 6079
1166 1167 1695
1167 1168 1695
1167 1178 6054
1167 1179 6111
1168 1169 1695
1168 1179 6038
1168 1180 6144
1169 1170 1695
1169 1180 6026
1169 1181 6179
1170 1171 1695
1170 1181 6017
1170 1182 6217
1171 1172 1695
1171 1182 6012
1171 1183 6258
1172 1183 6012
1173 1184 6659
1173 1185 6111
1173 1286 6659
1173 1296 1689
1173 1174 1813
1174 1185 6549
1174 1186 6033
1174 1175 1844
1175 1176 1844
1175 1186 6441
1175 1187 6007
1176 1177 1844
1176 1187 6342
1176 1188 5999
1177 1178 1844
1177 1188 6254
1177 1189 6008
1178 1179 1845
1178 1189 6179
1178 1190 6035
1179 1180 1845
1179 1190 6116
1179 1191 6075
1180 1192 6128
1180 1181 1845
1180 1191 6067
1181 1192 6032
1181 1193 6194
1181 1182 1845
1182 1193 6010
1182 1194 6272
1182 1183 1845
1183 1194 6002
1184 1185 2096
1184 1195 6670
1184 1196 6064
1184 1296 7453
1184 1306 1952
1185 1186 2132
1185 1196 6555
1185 1197 6006
1186 1187 2132
1186 1197 6445
1186 1198 5998
1187 1188 2132
1187 1198 6345
1187 1199 6009
1188 1200 6039
1188 1189 2132
1188 1199 6257
1189 1200 6182
1189 1201 6086
1189 1190 2133
1190 1201 6121
1190 1202 6144
1190 1191 2133
1191 1192 2133
1191 1202 6073
1191 1203 6213
1192 1193 2133
1192 1203 6039
1192 1204 6294
1193 1194 2133
1193 1204 6019
1193 1205 6387
1194 1205 6013
1195 1316 2216
1195 1196 2379
1195 1206 7122
1195 1207 6525
1195 1306 7586
1196 1208 6471
1196 1197 2420
1196 1207 7010
1197 1208 6901
1197 1209 6471
1197 1198 2420
1198 1209 6803
1198 1210 6490
1198 1199 2420
1199 1200 2420
1199 1210 6717
1199 1211 6529
1200 1201 2421
1200 1211 6643
1200 1212 6583
1201 1202 2421
1201 1212 6582
1201 1213 6649
1202 1203 2421
1202 1213 6535
1202 1214 6726
1203 1204 2421
1203 1214 6501
1203 1215 6814
1204 1216 6914
1204 1205 2421
1204 1215 6481
1205 1216 6474
1206 1316 8159
1206 1326 2487
1206 1207 2670
1207 1208 2716
1208 1209 2716
1209 1210 2716
1210 1211 2716
1211 1212 2717
1212 1213 2717
1213 1214 2717
1214 1215 2717
1215 1216 2717
1216 1325 6469
1216 1334 2779
1217 1218 627
1217 1227 6161
1218 1219 627
1218 1228 6134
1218 1227 6317
1219 1228 6282
1219 1220 627
1219 1229 6109
1220 1229 6247
1220 1221 627
1220 1230 6086
1221 1230 6212
1221 1222 627
1221 1231 6066
1222 1232 6050
1222 1231 6179
1222 1223 627
1223 1224 627
1223 1233 6036
1223 1232 6149
1224 1225 627
1224 1234 6026
1224 1233 6120
1225 1234 6095
1225 1226 627
1225 1235 6019
1226 1235 6072
1226 1236 6016
1227 1228 769
1227 1237 6161
1228 1237 6361
1228 1229 770
1228 1238 6134
1229 1238 6324
1229 1230 770
1229 1239 6109
1230 1240 6086
1230 1239 6286
1230 1231 770
1231 1232 770
1231 1241 6066
1231 1240 6249
1232 1233 770
1232 1242 6049
1232 1241 6214
1233 1242 6180
1233 1234 770
1233 1243 6036
1234 1235 770
1234 1244 6026
1234 1243 6148
1235 1244 6119
1235 1236 770
1235 1245 6019
1236 1245 6093
1236 1246 6016
1237 1238 912
1237 1247 6193
1238 1248 6163
1238 1247 6445
1238 1239 912
1239 1240 912
1239 1249 6135
1239 1248 6406
1240 1241 913
1240 1250 6110
1240 1249 6363
1241 1242 913
1241 1251 6088
1241 1250 6321
1242 1243 913
1242 1252 6069
1242 1251 6280
1243 1244 913
1243 1253 6053
1243 1252 6240
1244 1253 6202
1244 1245 913
1244 1254 6042
1245 1254 6167
1245 1246 913
1245 1255 6034
1246 1255 6135
1247 1248 1063
1247 1256 6186
1248 1256 6510
1248 1249 1063
1248 1257 6152
1249 1257 6460
1249 1250 1063
1249 1258 6121
1250 1258 6408
1250 1251 1063
1250 1259 6093
1251 1259 6357
1251 1252 1064
1251 1260 6068
1252 1261 6048
1252 1260 6308
1252 1253 1063
1253 1262 6031
1253 1261 6262
1253 1254 1063
1254 1263 6019
1254 1262 6218
1254 1255 1063
1255 1264 6011
1255 1263 6178
1256 1257 1222
1256 1266 6175
1257 1258 1222
1257 1267 6144
1257 1266 6549
1258 1259 1222
1258 1268 6115
1258 1267 6501
1259 1260 1222
1259 1269 6090
1259 1268 6450
1260 1269 6400
1260 1261 1222
1260 1270 6067
1261 1270 6351
1261 1262 1222
1261 1271 6048
1262 1272 6033
1262 1271 6304
1262 1263 1222
1263 1264 1222
1263 1273 6021
1263 1272 6260
1264 1265 1222
1264 1274 6014
1264 1273 6218
1265 1274 6178
1265 1275 6011
1266 1267 1374
1266 1276 6202
1267 1268 1374
1267 1277 6169
1267 1276 6640
1268 1277 6591
1268 1269 1374
1268 1278 6139
1269 1278 6538
1269 1270 1375
1269 1279 6111
1270 1280 6087
1270 1279 6484
1270 1271 1375
1271 1272 1375
1271 1281 6066
1271 1280 6430
1272 1273 1375
1272 1282 6050
1272 1281 6378
1273 1282 6327
1273 1274 1375
1273 1283 6037
1274 1283 6279
1274 1275 1375
1274 1284 6029
1275 1284 6233
1275 1285 6025
1276 1277 1531
1276 1286 6193
1277 1286 6718
1277 1278 1532
1277 1287 6158
1278 1288 6125
1278 1287 6658
1278 1279 1532
1279 1280 1532
1279 1289 6095
1279 1288 6595
1280 1281 1532
1280 1290 6069
1280 1289 6533
1281 1290 6472
1281 1282 1532
1281 1291 6048
1282 1291 6414
1282 1283 1532
1282 1292 6031
1283 1292 6358
1283 1284 1532
1283 1293 6018
1284 1293 6305
1284 1285 1532
1284 1294 6010
1285 1294 6255
1285 1295 6006
1286 1296 6171
1286 1287 1694
1287 1288 1695
1287 1297 6141
1287 1296 6736
1288 1289 1695
1288 1298 6113
1288 1297 6685
1289 1298 6629
1289 1290 1695
1289 1299 6089
1290 1299 6572
1290 1291 1695
1290 1300 6067
1291 1300 6516
1291 1292 1695
1291 1301 6048
1292 1301 6461
1292 1293 1695
1292 1302 6034
1293 1302 6407
1293 1294 1695
1293 1303 6023
1294 1304 6015
1294 1303 6355
1294 1295 1695
1295 1304 6305
1295 1305 6012
1296 1297 1844
1296 1306 6566
1297 1306 7488
1297 1298 1844
1297 1307 6458
1298 1307 7335
1298 1299 1844
1298 1308 6359
1299 1308 7180
1299 1300 1845
1299 1309 6270
1300 1309 7029
1300 1301 1845
1300 1310 6193
1301 1310 6885
1301 1302 1845
1301 1311 6128
1302 1312 6076
1302 1311 6749
1302 1303 1845
1303 1304 1845
1303 1313 6038
1303 1312 6622
1304 1305 1845
1304 1314 6013
1304 1313 6504
1305 1314 6397
1305 1315 6002
1306 1307 2132
1306 1316 6581
1307 1308 2132
1307 1317 6474
1307 1316 7666
1308 1317 7514
1308 1309 2132
1308 1318 6375
1309 1318 7357
1309 1310 2133
1309 1319 6287
1310 1320 6209
1310 1319 7202
1310 1311 2133
1311 1312 2133
1311 1321 6143
1311 1320 7051
1312 1313 2133
1312 1322 6091
1312 1321 6906
1313 1314 2133
1313 1323 6051
1313 1322 6768
1314 1323 6638
1314 1315 2133
1314 1324 6026
1315 1324 6517
1315 1325 6014
1316 1317 2420
1316 1326 7032
1317 1326 8252
1317 1318 2420
1317 1327 6926
1318 1328 6829
1318 1327 8095
1318 1319 2421
1319 1320 2421
1319 1329 6741
1319 1328 7932
1320 1321 2421
1320 1330 6665
1320 1329 7771
1321 1322 2421
1321 1331 6601
1321 1330 7614
1322 1331 7463
1322 1323 2421
1322 1332 6549
1323 1324 2421
1323 1333 6511
1323 1332 7320
1324 1333 7184
1324 1325 2421
1324 1334 6486
1325 1334 7057
1326 1327 2716
1327 1328 2716
1328 1329 2717
1329 1330 2717
1330 1331 2717
1331 1332 2717
1332 1333 2717
1333 1334 2717
