867 helix V=867 E=2568
0 1 0
0 2 0
0 3 0
0 37 0
0 38 0
1 72 0
1 2 0
1 36 0
1 38 0
2 3 0
2 4 0
2 5 0
2 6 0
2 7 0
2 8 0
2 9 0
2 10 0
2 11 0
2 12 0
2 13 0
2 14 0
2 15 0
2 16 0
2 17 0
2 18 0
2 19 0
2 20 0
2 21 0
2 22 0
2 23 0
2 24 0
2 25 0
2 26 0
2 27 0
2 28 0
2 29 0
2 30 0
2 31 0
2 32 0
2 33 0
2 34 0
2 35 0
2 36 0
3 4 0
3 37 0
3 39 0
4 40 0
4 5 0
4 39 0
5 40 0
5 41 0
5 6 0
6 41 0
6 42 0
6 7 0
7 8 0
7 42 0
7 43 0
8 9 0
8 43 0
8 44 0
9 10 0
9 44 0
9 45 0
10 11 0
10 45 0
10 46 0
11 12 0
11 46 0
11 47 0
12 48 0
12 13 0
12 47 0
13 48 0
13 49 0
13 14 0
14 49 0
14 50 0
14 15 0
15 16 0
15 50 0
15 51 0
16 17 0
16 51 0
16 52 0
17 18 0
17 52 0
17 53 0
18 19 0
18 53 0
18 54 0
19 20 0
19 54 0
19 55 0
20 56 0
20 21 0
20 55 0
21 56 0
21 57 0
21 22 0
22 57 0
22 58 0
22 23 0
23 24 0
23 58 0
23 59 0
24 25 0
24 59 0
24 60 0
25 26 0
25 60 0
25 61 0
26 27 0
26 61 0
26 62 0
27 28 0
27 62 0
27 63 0
28 64 0
28 29 0
28 63 0
29 64 0
29 65 0
29 30 0
30 65 0
30 66 0
30 31 0
31 32 0
31 66 0
31 67 0
32 33 0
32 67 0
32 68 0
33 34 0
33 68 0
33 69 0
34 35 0
34 69 0
34 70 0
35 36 0
35 70 0
35 71 0
36 72 0
36 71 0
37 73 0
37 74 0
37 38 0
37 39 0
38 72 0
38 74 0
38 108 0
39 40 0
39 73 0
39 75 0
40 41 0
40 75 0
40 76 0
41 42 0
41 76 0
41 77 0
42 43 0
42 77 0
42 78 0
43 44 0
43 78 0
43 79 0
44 80 0
44 45 0
44 79 0
45 80 0
45 81 0
45 46 0
46 81 0
46 82 0
46 47 0
47 48 0
47 82 0
47 83 0
48 49 0
48 83 0
48 84 0
49 50 0
49 84 0
49 85 0
50 51 0
50 85 0
50 86 0
51 52 0
51 86 0
51 87 0
52 88 0
52 53 0
52 87 0
53 88 0
53 89 0
53 54 0
54 89 0
54 90 0
54 55 0
55 56 0
55 90 0
55 91 0
56 57 0
56 91 0
56 92 0
57 58 0
57 92 0
57 93 0
58 59 0
58 93 0
58 94 0
59 60 0
59 94 0
59 95 0
60 96 0
60 61 0
60 95 0
61 96 0
61 97 0
61 62 0
62 97 0
62 98 0
62 63 0
63 64 0
63 98 0
63 99 0
64 65 0
64 99 0
64 100 0
65 66 0
65 100 0
65 101 0
66 67 0
66 101 0
66 102 0
67 68 0
67 102 0
67 103 0
68 104 0
68 69 0
68 103 0
69 104 0
69 105 0
69 70 0
70 105 0
70 106 0
70 71 0
71 72 0
71 106 0
71 107 0
72 107 0
72 108 0
73 74 0
73 75 0
73 109 0
73 110 0
74 144 0
74 108 0
74 110 0
75 76 0
75 109 0
75 111 0
76 112 0
76 77 0
76 111 0
77 112 0
77 113 0
77 78 0
78 113 0
78 114 0
78 79 0
79 80 0
79 114 0
79 115 0
80 81 0
80 115 0
80 116 0
81 82 0
81 116 0
81 117 0
82 83 0
82 117 0
82 118 0
83 84 0
83 118 0
83 119 0
84 120 0
84 85 0
84 119 0
85 120 0
85 121 0
85 86 0
86 121 0
86 122 0
86 87 0
87 88 0
87 122 0
87 123 0
88 89 0
88 123 0
88 124 0
89 90 0
89 124 0
89 125 0
90 91 0
90 125 0
90 126 0
91 92 0
91 126 0
91 127 0
92 128 0
92 93 0
92 127 0
93 128 0
93 129 0
93 94 0
94 129 0
94 130 0
94 95 0
95 96 0
95 130 0
95 131 0
96 97 0
96 131 0
96 132 0
97 98 0
97 132 0
97 133 0
98 99 0
98 133 0
98 134 0
99 100 0
99 134 0
99 135 0
100 136 0
100 101 0
100 135 0
101 136 0
101 137 0
101 102 0
102 137 0
102 138 0
102 103 0
103 104 0
103 138 0
103 139 0
104 105 0
104 139 0
104 140 0
105 106 0
105 140 0
105 141 0
106 107 0
106 141 0
106 142 0
107 108 0
107 142 0
107 143 0
108 144 0
108 143 0
109 145 0
109 146 0
109 110 0
109 111 0
110 144 0
110 146 0
110 180 0
111 112 0
111 145 0
111 147 0
112 113 0
112 147 0
112 148 0
113 114 0
113 148 0
113 149 0
114 115 0
114 149 0
114 150 0
115 116 0
115 150 0
115 151 0
116 152 0
116 117 0
116 151 0
117 152 0
117 153 0
117 118 0
118 153 0
118 154 0
118 119 0
119 120 0
119 154 0
119 155 0
120 121 0
120 155 0
120 156 0
121 122 0
121 156 0
121 157 0
122 123 0
122 157 0
122 158 0
123 124 0
123 158 0
123 159 0
124 160 0
124 125 0
124 159 0
125 160 0
125 161 0
125 126 0
126 161 0
126 162 0
126 127 0
127 128 0
127 162 0
127 163 0
128 129 0
128 163 0
128 164 0
129 130 0
129 164 0
129 165 0
130 131 0
130 165 0
130 166 0
131 132 0
131 166 0
131 167 0
132 168 0
132 133 0
132 167 0
133 168 0
133 169 0
133 134 0
134 169 0
134 170 0
134 135 0
135 136 0
135 170 0
135 171 0
136 137 0
136 171 0
136 172 0
137 138 0
137 172 0
137 173 0
138 139 0
138 173 0
138 174 0
139 140 0
139 174 0
139 175 0
140 176 0
140 141 0
140 175 0
141 176 0
141 177 0
141 142 0
142 177 0
142 178 0
142 143 0
143 144 0
143 178 0
143 179 0
144 179 0
144 180 0
145 146 0
145 147 0
145 181 0
145 182 0
146 216 0
146 180 0
146 182 0
147 148 0
147 181 0
147 183 0
148 184 0
148 149 0
148 183 0
149 184 0
149 185 0
149 150 0
150 185 0
150 186 0
150 151 0
151 152 0
151 186 0
151 187 0
152 153 0
152 187 0
152 188 0
153 154 0
153 188 0
153 189 0
154 155 0
154 189 0
154 190 0
155 156 0
155 190 0
155 191 0
156 192 0
156 157 0
156 191 0
157 192 0
157 193 0
157 158 0
158 193 0
158 194 0
158 159 0
159 160 0
159 194 0
159 195 0
160 161 0
160 195 0
160 196 0
161 162 0
161 196 0
161 197 0
162 163 0
162 197 0
162 198 0
163 164 0
163 198 0
163 199 0
164 200 0
164 165 0
164 199 0
165 200 0
165 201 0
165 166 0
166 201 0
166 202 0
166 167 0
167 168 0
167 202 0
167 203 0
168 169 0
168 203 0
168 204 0
169 170 0
169 204 0
169 205 0
170 171 0
170 205 0
170 206 0
171 172 0
171 206 0
171 207 0
172 208 0
172 173 0
172 207 0
173 208 0
173 209 0
173 174 0
174 209 0
174 210 0
174 175 0
175 176 0
175 210 0
175 211 0
176 177 0
176 211 0
176 212 0
177 178 0
177 212 0
177 213 0
178 179 0
178 213 0
178 214 0
179 180 0
179 214 0
179 215 0
180 216 0
180 215 0
181 217 0
181 218 0
181 182 0
181 183 0
182 216 0
182 218 0
182 252 0
183 184 0
183 217 0
183 219 0
184 185 0
184 219 0
184 220 0
185 186 0
185 220 0
185 221 0
186 187 0
186 221 0
186 222 0
187 188 0
187 222 0
187 223 0
188 224 0
188 189 0
188 223 0
189 224 0
189 225 0
189 190 0
190 225 0
190 226 0
190 191 0
191 192 0
191 226 0
191 227 0
192 193 0
192 227 0
192 228 0
193 194 0
193 228 0
193 229 0
194 195 0
194 229 0
194 230 0
195 196 0
195 230 0
195 231 0
196 232 0
196 197 0
196 231 0
197 232 0
197 233 0
197 198 0
198 233 0
198 234 0
198 199 0
199 200 0
199 234 0
199 235 0
200 201 0
200 235 0
200 236 0
201 202 0
201 236 0
201 237 0
202 203 0
202 237 0
202 238 0
203 204 0
203 238 0
203 239 0
204 240 0
204 205 0
204 239 0
205 240 0
205 241 0
205 206 0
206 241 0
206 242 0
206 207 0
207 208 0
207 242 0
207 243 0
208 209 0
208 243 0
208 244 0
209 210 0
209 244 0
209 245 0
210 211 0
210 245 0
210 246 0
211 212 0
211 246 0
211 247 0
212 248 0
212 213 0
212 247 0
213 248 0
213 249 0
213 214 0
214 249 0
214 250 0
214 215 0
215 216 0
215 250 0
215 251 0
216 251 0
216 252 0
217 218 0
217 219 0
217 253 0
217 254 0
218 288 0
218 252 0
218 254 0
219 220 0
219 253 0
219 255 0
220 256 0
220 221 0
220 255 0
221 256 0
221 257 0
221 222 0
222 257 0
222 258 0
222 223 0
223 224 0
223 258 0
223 259 0
224 225 0
224 259 0
224 260 0
225 226 0
225 260 0
225 261 0
226 227 0
226 261 0
226 262 0
227 228 0
227 262 0
227 263 0
228 264 0
228 229 0
228 263 0
229 264 0
229 265 0
229 230 0
230 265 0
230 266 0
230 231 0
231 232 0
231 266 0
231 267 0
232 233 0
232 267 0
232 268 0
233 234 0
233 268 0
233 269 0
234 235 0
234 269 0
234 270 0
235 236 0
235 270 0
235 271 0
236 272 0
236 237 0
236 271 0
237 272 0
237 273 0
237 238 0
238 273 0
238 274 0
238 239 0
239 240 0
239 274 0
239 275 0
240 241 0
240 275 0
240 276 0
241 242 0
241 276 0
241 277 0
242 243 0
242 277 0
242 278 0
243 244 0
243 278 0
243 279 0
244 280 0
244 245 0
244 279 0
245 280 0
245 281 0
245 246 0
246 281 0
246 282 0
246 247 0
247 248 0
247 282 0
247 283 0
248 249 0
248 283 0
248 284 0
249 250 0
249 284 0
249 285 0
250 251 0
250 285 0
250 286 0
251 252 0
251 286 0
251 287 0
252 288 0
252 287 0
253 289 0
253 290 0
253 254 0
253 255 0
254 288 0
254 290 0
254 324 0
255 256 0
255 289 0
255 291 0
256 257 0
256 291 0
256 292 0
257 258 0
257 292 0
257 293 0
258 259 0
258 293 0
258 294 0
259 260 0
259 294 0
259 295 0
260 296 0
260 261 0
260 295 0
261 296 0
261 297 0
261 262 0
262 297 0
262 298 0
262 263 0
263 264 0
263 298 0
263 299 0
264 265 0
264 299 0
264 300 0
265 266 0
265 300 0
265 301 0
266 267 0
266 301 0
266 302 0
267 268 0
267 302 0
267 303 0
268 304 0
268 269 0
268 303 0
269 304 0
269 305 0
269 270 0
270 305 0
270 306 0
270 271 0
271 272 0
271 306 0
271 307 0
272 273 0
272 307 0
272 308 0
273 274 0
273 308 0
273 309 0
274 275 0
274 309 0
274 310 0
275 276 0
275 310 0
275 311 0
276 312 0
276 277 0
276 311 0
277 312 0
277 313 0
277 278 0
278 313 0
278 314 0
278 279 0
279 280 0
279 314 0
279 315 0
280 281 0
280 315 0
280 316 0
281 282 0
281 316 0
281 317 0
282 283 0
282 317 0
282 318 0
283 284 0
283 318 0
283 319 0
284 320 0
284 285 0
284 319 0
285 320 0
285 321 0
285 286 0
286 321 0
286 322 0
286 287 0
287 288 0
287 322 0
287 323 0
288 323 0
288 324 0
289 290 0
289 291 0
289 325 0
289 326 0
290 360 0
290 324 0
290 326 0
291 292 0
291 325 0
291 327 0
292 328 0
292 293 0
292 327 0
293 328 0
293 329 0
293 294 0
294 329 0
294 330 0
294 295 0
295 296 0
295 330 0
295 331 0
296 297 0
296 331 0
296 332 0
297 298 0
297 332 0
297 333 0
298 299 0
298 333 0
298 334 0
299 300 0
299 334 0
299 335 0
300 336 0
300 301 0
300 335 0
301 336 0
301 337 0
301 302 0
302 337 0
302 338 0
302 303 0
303 304 0
303 338 0
303 339 0
304 305 0
304 339 0
304 340 0
305 306 0
305 340 0
305 341 0
306 307 0
306 341 0
306 342 0
307 308 0
307 342 0
307 343 0
308 344 0
308 309 0
308 343 0
309 344 0
309 345 0
309 310 0
310 345 0
310 346 0
310 311 0
311 312 0
311 346 0
311 347 0
312 313 0
312 347 0
312 348 0
313 314 0
313 348 0
313 349 0
314 315 0
314 349 0
314 350 0
315 316 0
315 350 0
315 351 0
316 352 0
316 317 0
316 351 0
317 352 0
317 353 0
317 318 0
318 353 0
318 354 0
318 319 0
319 320 0
319 354 0
319 355 0
320 321 0
320 355 0
320 356 0
321 322 0
321 356 0
321 357 0
322 323 0
322 357 0
322 358 0
323 324 0
323 358 0
323 359 0
324 360 0
324 359 0
325 361 0
325 362 0
325 326 0
325 327 0
326 360 0
326 362 0
326 396 0
327 328 0
327 361 0
327 363 0
328 329 0
328 363 0
328 364 0
329 330 0
329 364 0
329 365 0
330 331 0
330 365 0
330 366 0
331 332 0
331 366 0
331 367 0
332 368 0
332 333 0
332 367 0
333 368 0
333 369 0
333 334 0
334 369 0
334 370 0
334 335 0
335 336 0
335 370 0
335 371 0
336 337 0
336 371 0
336 372 0
337 338 0
337 372 0
337 373 0
338 339 0
338 373 0
338 374 0
339 340 0
339 374 0
339 375 0
340 376 0
340 341 0
340 375 0
341 376 0
341 377 0
341 342 0
342 377 0
342 378 0
342 343 0
343 344 0
343 378 0
343 379 0
344 345 0
344 379 0
344 380 0
345 346 0
345 380 0
345 381 0
346 347 0
346 381 0
346 382 0
347 348 0
347 382 0
347 383 0
348 384 0
348 349 0
348 383 0
349 384 0
349 385 0
349 350 0
350 385 0
350 386 0
350 351 0
351 352 0
351 386 0
351 387 0
352 353 0
352 387 0
352 388 0
353 354 0
353 388 0
353 389 0
354 355 0
354 389 0
354 390 0
355 356 0
355 390 0
355 391 0
356 392 0
356 357 0
356 391 0
357 392 0
357 393 0
357 358 0
358 393 0
358 394 0
358 359 0
359 360 0
359 394 0
359 395 0
360 395 0
360 396 0
361 362 0
361 363 0
361 397 0
361 398 0
362 432 0
362 396 0
362 398 0
363 364 0
363 397 0
363 399 0
364 400 0
364 365 0
364 399 0
365 400 0
365 401 0
365 366 0
366 401 0
366 402 0
366 367 0
367 368 0
367 402 0
367 403 0
368 369 0
368 403 0
368 404 0
369 370 0
369 404 0
369 405 0
370 371 0
370 405 0
370 406 0
371 372 0
371 406 0
371 407 0
372 408 0
372 373 0
372 407 0
373 408 0
373 409 0
373 374 0
374 409 0
374 410 0
374 375 0
375 376 0
375 410 0
375 411 0
376 377 0
376 411 0
376 412 0
377 378 0
377 412 0
377 413 0
378 379 0
378 413 0
378 414 0
379 380 0
379 414 0
379 415 0
380 416 0
380 381 0
380 415 0
381 416 0
381 417 0
381 382 0
382 417 0
382 418 0
382 383 0
383 384 0
383 418 0
383 419 0
384 385 0
384 419 0
384 420 0
385 386 0
385 420 0
385 421 0
386 387 0
386 421 0
386 422 0
387 388 0
387 422 0
387 423 0
388 424 0
388 389 0
388 423 0
389 424 0
389 425 0
389 390 0
390 425 0
390 426 0
390 391 0
391 392 0
391 426 0
391 427 0
392 393 0
392 427 0
392 428 0
393 394 0
393 428 0
393 429 0
394 395 0
394 429 0
394 430 0
395 396 0
395 430 0
395 431 0
396 432 0
396 431 0
397 433 0
397 434 0
397 398 0
397 399 0
398 432 0
398 434 0
398 468 0
399 400 0
399 433 0
399 435 0
400 401 0
400 435 0
400 436 0
401 402 0
401 436 0
401 437 0
402 403 0
402 437 0
402 438 0
403 404 0
403 438 0
403 439 0
404 440 0
404 405 0
404 439 0
405 440 0
405 441 0
405 406 0
406 441 0
406 442 0
406 407 0
407 408 0
407 442 0
407 443 0
408 409 0
408 443 0
408 444 0
409 410 0
409 444 0
409 445 0
410 411 0
410 445 0
410 446 0
411 412 0
411 446 0
411 447 0
412 448 0
412 413 0
412 447 0
413 448 0
413 449 0
413 414 0
414 449 0
414 450 0
414 415 0
415 416 0
415 450 0
415 451 0
416 417 0
416 451 0
416 452 0
417 418 0
417 452 0
417 453 0
418 419 0
418 453 0
418 454 0
419 420 0
419 454 0
419 455 0
420 456 0
420 421 0
420 455 0
421 456 0
421 457 0
421 422 0
422 457 0
422 458 0
422 423 0
423 424 0
423 458 0
423 459 0
424 425 0
424 459 0
424 460 0
425 426 0
425 460 0
425 461 0
426 427 0
426 461 0
426 462 0
427 428 0
427 462 0
427 463 0
428 464 0
428 429 0
428 463 0
429 464 0
429 465 0
429 430 0
430 465 0
430 466 0
430 431 0
431 432 0
431 466 0
431 467 0
432 467 0
432 468 0
433 434 0
433 435 0
433 469 0
433 470 0
434 504 0
434 468 0
434 470 0
435 436 0
435 469 0
435 471 0
436 472 0
436 437 0
436 471 0
437 472 0
437 473 0
437 438 0
438 473 0
438 474 0
438 439 0
439 440 0
439 474 0
439 475 0
440 441 0
440 475 0
440 476 0
441 442 0
441 476 0
441 477 0
442 443 0
442 477 0
442 478 0
443 444 0
443 478 0
443 479 0
444 480 0
444 445 0
444 479 0
445 480 0
445 481 0
445 446 0
446 481 0
446 482 0
446 447 0
447 448 0
447 482 0
447 483 0
448 449 0
448 483 0
448 484 0
449 450 0
449 484 0
449 485 0
450 451 0
450 485 0
450 486 0
451 452 0
451 486 0
451 487 0
452 488 0
452 453 0
452 487 0
453 488 0
453 489 0
453 454 0
454 489 0
454 490 0
454 455 0
455 456 0
455 490 0
455 491 0
456 457 0
456 491 0
456 492 0
457 458 0
457 492 0
457 493 0
458 459 0
458 493 0
458 494 0
459 460 0
459 494 0
459 495 0
460 496 0
460 461 0
460 495 0
461 496 0
461 497 0
461 462 0
462 497 0
462 498 0
462 463 0
463 464 0
463 498 0
463 499 0
464 465 0
464 499 0
464 500 0
465 466 0
465 500 0
465 501 0
466 467 0
466 501 0
466 502 0
467 468 0
467 502 0
467 503 0
468 504 0
468 503 0
469 505 0
469 506 0
469 470 0
469 471 0
470 504 0
470 506 0
470 540 0
471 472 0
471 505 0
471 507 0
472 473 0
472 507 0
472 508 0
473 474 0
473 508 0
473 509 0
474 475 0
474 509 0
474 510 0
475 476 0
475 510 0
475 511 0
476 512 0
476 477 0
476 511 0
477 512 0
477 513 0
477 478 0
478 513 0
478 514 0
478 479 0
479 480 0
479 514 0
479 515 0
480 481 0
480 515 0
480 516 0
481 482 0
481 516 0
481 517 0
482 483 0
482 517 0
482 518 0
483 484 0
483 518 0
483 519 0
484 520 0
484 485 0
484 519 0
485 520 0
485 521 0
485 486 0
486 521 0
486 522 0
486 487 0
487 488 0
487 522 0
487 523 0
488 489 0
488 523 0
488 524 0
489 490 0
489 524 0
489 525 0
490 491 0
490 525 0
490 526 0
491 492 0
491 526 0
491 527 0
492 528 0
492 493 0
492 527 0
493 528 0
493 529 0
493 494 0
494 529 0
494 530 0
494 495 0
495 496 0
495 530 0
495 531 0
496 497 0
496 531 0
496 532 0
497 498 0
497 532 0
497 533 0
498 499 0
498 533 0
498 534 0
499 500 0
499 534 0
499 535 0
500 536 0
500 501 0
500 535 0
501 536 0
501 537 0
501 502 0
502 537 0
502 538 0
502 503 0
503 504 0
503 538 0
503 539 0
504 539 0
504 540 0
505 506 0
505 507 0
505 541 0
505 542 0
506 576 0
506 540 0
506 542 0
507 508 0
507 541 0
507 543 0
508 544 0
508 509 0
508 543 0
509 544 0
509 545 0
509 510 0
510 545 0
510 546 0
510 511 0
511 512 0
511 546 0
511 547 0
512 513 0
512 547 0
512 548 0
513 514 0
513 548 0
513 549 0
514 515 0
514 549 0
514 550 0
515 516 0
515 550 0
515 551 0
516 552 0
516 517 0
516 551 0
517 552 0
517 553 0
517 518 0
518 553 0
518 554 0
518 519 0
519 520 0
519 554 0
519 555 0
520 521 0
520 555 0
520 556 0
521 522 0
521 556 0
521 557 0
522 523 0
522 557 0
522 558 0
523 524 0
523 558 0
523 559 0
524 560 0
524 525 0
524 559 0
525 560 0
525 561 0
525 526 0
526 561 0
526 562 0
526 527 0
527 528 0
527 562 0
527 563 0
528 529 0
528 563 0
528 564 0
529 530 0
529 564 0
529 565 0
530 531 0
530 565 0
530 566 0
531 532 0
531 566 0
531 567 0
532 568 0
532 533 0
532 567 0
533 568 0
533 569 0
533 534 0
534 569 0
534 570 0
534 535 0
535 536 0
535 570 0
535 571 0
536 537 0
536 571 0
536 572 0
537 538 0
537 572 0
537 573 0
538 539 0
538 573 0
538 574 0
539 540 0
539 574 0
539 575 0
540 576 0
540 575 0
541 577 0
541 578 0
541 542 0
541 543 0
542 576 0
542 578 0
542 612 0
543 544 0
543 577 0
543 579 0
544 545 0
544 579 0
544 580 0
545 546 0
545 580 0
545 581 0
546 547 0
546 581 0
546 582 0
547 548 0
547 582 0
547 583 0
548 584 0
548 549 0
548 583 0
549 584 0
549 585 0
549 550 0
550 585 0
550 586 0
550 551 0
551 552 0
551 586 0
551 587 0
552 553 0
552 587 0
552 588 0
553 554 0
553 588 0
553 589 0
554 555 0
554 589 0
554 590 0
555 556 0
555 590 0
555 591 0
556 592 0
556 557 0
556 591 0
557 592 0
557 593 0
557 558 0
558 593 0
558 594 0
558 559 0
559 560 0
559 594 0
559 595 0
560 561 0
560 595 0
560 596 0
561 562 0
561 596 0
561 597 0
562 563 0
562 597 0
562 598 0
563 564 0
563 598 0
563 599 0
564 600 0
564 565 0
564 599 0
565 600 0
565 601 0
565 566 0
566 601 0
566 602 0
566 567 0
567 568 0
567 602 0
567 603 0
568 569 0
568 603 0
568 604 0
569 570 0
569 604 0
569 605 0
570 571 0
570 605 0
570 606 0
571 572 0
571 606 0
571 607 0
572 608 0
572 573 0
572 607 0
573 608 0
573 609 0
573 574 0
574 609 0
574 610 0
574 575 0
575 576 0
575 610 0
575 611 0
576 611 0
576 612 0
577 578 0
577 579 0
577 613 0
577 614 0
578 648 0
578 612 0
578 614 0
579 580 0
579 613 0
579 615 0
580 616 0
580 581 0
580 615 0
581 616 0
581 617 0
581 582 0
582 617 0
582 618 0
582 583 0
583 584 0
583 618 0
583 619 0
584 585 0
584 619 0
584 620 0
585 586 0
585 620 0
585 621 0
586 587 0
586 621 0
586 622 0
587 588 0
587 622 0
587 623 0
588 624 0
588 589 0
588 623 0
589 624 0
589 625 0
589 590 0
590 625 0
590 626 0
590 591 0
591 592 0
591 626 0
591 627 0
592 593 0
592 627 0
592 628 0
593 594 0
593 628 0
593 629 0
594 595 0
594 629 0
594 630 0
595 596 0
595 630 0
595 631 0
596 632 0
596 597 0
596 631 0
597 632 0
597 633 0
597 598 0
598 633 0
598 634 0
598 599 0
599 600 0
599 634 0
599 635 0
600 601 0
600 635 0
600 636 0
601 602 0
601 636 0
601 637 0
602 603 0
602 637 0
602 638 0
603 604 0
603 638 0
603 639 0
604 640 0
604 605 0
604 639 0
605 640 0
605 641 0
605 606 0
606 641 0
606 642 0
606 607 0
607 608 0
607 642 0
607 643 0
608 609 0
608 643 0
608 644 0
609 610 0
609 644 0
609 645 0
610 611 0
610 645 0
610 646 0
611 612 0
611 646 0
611 647 0
612 648 0
612 647 0
613 649 0
613 650 0
613 614 0
613 615 0
614 648 0
614 650 0
614 684 0
615 616 0
615 649 0
615 651 0
616 617 0
616 651 0
616 652 0
617 618 0
617 652 0
617 653 0
618 619 0
618 653 0
618 654 0
619 620 0
619 654 0
619 655 0
620 656 0
620 621 0
620 655 0
621 656 0
621 657 0
621 622 0
622 657 0
622 658 0
622 623 0
623 624 0
623 658 0
623 659 0
624 625 0
624 659 0
624 660 0
625 626 0
625 660 0
625 661 0
626 627 0
626 661 0
626 662 0
627 628 0
627 662 0
627 663 0
628 664 0
628 629 0
628 663 0
629 664 0
629 665 0
629 630 0
630 665 0
630 666 0
630 631 0
631 632 0
631 666 0
631 667 0
632 633 0
632 667 0
632 668 0
633 634 0
633 668 0
633 669 0
634 635 0
634 669 0
634 670 0
635 636 0
635 670 0
635 671 0
636 672 0
636 637 0
636 671 0
637 672 0
637 673 0
637 638 0
638 673 0
638 674 0
638 639 0
639 640 0
639 674 0
639 675 0
640 641 0
640 675 0
640 676 0
641 642 0
641 676 0
641 677 0
642 643 0
642 677 0
642 678 0
643 644 0
643 678 0
643 679 0
644 680 0
644 645 0
644 679 0
645 680 0
645 681 0
645 646 0
646 681 0
646 682 0
646 647 0
647 648 0
647 682 0
647 683 0
648 683 0
648 684 0
649 650 0
649 651 0
649 685 0
649 686 0
650 720 0
650 684 0
650 686 0
651 652 0
651 685 0
651 687 0
652 688 0
652 653 0
652 687 0
653 688 0
653 689 0
653 654 0
654 689 0
654 690 0
654 655 0
655 656 0
655 690 0
655 691 0
656 657 0
656 691 0
656 692 0
657 658 0
657 692 0
657 693 0
658 659 0
658 693 0
658 694 0
659 660 0
659 694 0
659 695 0
660 696 0
660 661 0
660 695 0
661 696 0
661 697 0
661 662 0
662 697 0
662 698 0
662 663 0
663 664 0
663 698 0
663 699 0
664 665 0
664 699 0
664 700 0
665 666 0
665 700 0
665 701 0
666 667 0
666 701 0
666 702 0
667 668 0
667 702 0
667 703 0
668 704 0
668 669 0
668 703 0
669 704 0
669 705 0
669 670 0
670 705 0
670 706 0
670 671 0
671 672 0
671 706 0
671 707 0
672 673 0
672 707 0
672 708 0
673 674 0
673 708 0
673 709 0
674 675 0
674 709 0
674 710 0
675 676 0
675 710 0
675 711 0
676 712 0
676 677 0
676 711 0
677 712 0
677 713 0
677 678 0
678 713 0
678 714 0
678 679 0
679 680 0
679 714 0
679 715 0
680 681 0
680 715 0
680 716 0
681 682 0
681 716 0
681 717 0
682 683 0
682 717 0
682 718 0
683 684 0
683 718 0
683 719 0
684 720 0
684 719 0
685 721 0
685 722 0
685 686 0
685 687 0
686 720 0
686 722 0
686 756 0
687 688 0
687 721 0
687 723 0
688 689 0
688 723 0
688 724 0
689 690 0
689 724 0
689 725 0
690 691 0
690 725 0
690 726 0
691 692 0
691 726 0
691 727 0
692 728 0
692 693 0
692 727 0
693 728 0
693 729 0
693 694 0
694 729 0
694 730 0
694 695 0
695 696 0
695 730 0
695 731 0
696 697 0
696 731 0
696 732 0
697 698 0
697 732 0
697 733 0
698 699 0
698 733 0
698 734 0
699 700 0
699 734 0
699 735 0
700 736 0
700 701 0
700 735 0
701 736 0
701 737 0
701 702 0
702 737 0
702 738 0
702 703 0
703 704 0
703 738 0
703 739 0
704 705 0
704 739 0
704 740 0
705 706 0
705 740 0
705 741 0
706 707 0
706 741 0
706 742 0
707 708 0
707 742 0
707 743 0
708 744 0
708 709 0
708 743 0
709 744 0
709 745 0
709 710 0
710 745 0
710 746 0
710 711 0
711 712 0
711 746 0
711 747 0
712 713 0
712 747 0
712 748 0
713 714 0
713 748 0
713 749 0
714 715 0
714 749 0
714 750 0
715 716 0
715 750 0
715 751 0
716 752 0
716 717 0
716 751 0
717 752 0
717 753 0
717 718 0
718 753 0
718 754 0
718 719 0
719 720 0
719 754 0
719 755 0
720 755 0
720 756 0
721 722 0
721 723 0
721 757 0
721 758 0
722 792 0
722 756 0
722 758 0
723 724 0
723 757 0
723 759 0
724 760 0
724 725 0
724 759 0
725 760 0
725 761 0
725 726 0
726 761 0
726 762 0
726 727 0
727 728 0
727 762 0
727 763 0
728 729 0
728 763 0
728 764 0
729 730 0
729 764 0
729 765 0
730 731 0
730 765 0
730 766 0
731 732 0
731 766 0
731 767 0
732 768 0
732 733 0
732 767 0
733 768 0
733 769 0
733 734 0
734 769 0
734 770 0
734 735 0
735 736 0
735 770 0
735 771 0
736 737 0
736 771 0
736 772 0
737 738 0
737 772 0
737 773 0
738 739 0
738 773 0
738 774 0
739 740 0
739 774 0
739 775 0
740 776 0
740 741 0
740 775 0
741 776 0
741 777 0
741 742 0
742 777 0
742 778 0
742 743 0
743 744 0
743 778 0
743 779 0
744 745 0
744 779 0
744 780 0
745 746 0
745 780 0
745 781 0
746 747 0
746 781 0
746 782 0
747 748 0
747 782 0
747 783 0
748 784 0
748 749 0
748 783 0
749 784 0
749 785 0
749 750 0
750 785 0
750 786 0
750 751 0
751 752 0
751 786 0
751 787 0
752 753 0
752 787 0
752 788 0
753 754 0
753 788 0
753 789 0
754 755 0
754 789 0
754 790 0
755 756 0
755 790 0
755 791 0
756 792 0
756 791 0
757 793 0
757 758 0
757 759 0
758 792 0
758 793 0
759 760 0
759 793 0
760 761 0
760 793 0
761 793 0
761 762 0
762 793 0
762 763 0
763 793 0
763 764 0
764 793 0
764 765 0
765 793 0
765 766 0
766 793 0
766 767 0
767 768 0
767 793 0
768 769 0
768 793 0
769 793 0
769 770 0
770 793 0
770 771 0
771 793 0
771 772 0
772 793 0
772 773 0
773 793 0
773 774 0
774 793 0
774 775 0
775 776 0
775 793 0
776 777 0
776 793 0
777 793 0
777 778 0
778 793 0
778 779 0
779 793 0
779 780 0
780 793 0
780 781 0
781 793 0
781 782 0
782 793 0
782 783 0
783 784 0
783 793 0
784 785 0
784 793 0
785 793 0
785 786 0
786 793 0
786 787 0
787 793 0
787 788 0
788 793 0
788 789 0
789 793 0
789 790 0
790 793 0
790 791 0
791 792 0
791 793 0
792 793 0
794 800 0
794 795 0
794 796 0
794 797 0
795 800 0
795 801 0
795 796 0
795 798 0
795 799 0
796 864 0
796 865 0
796 797 0
796 799 0
797 864 0
797 863 0
798 801 0
798 802 0
798 866 0
798 799 0
799 865 0
799 866 0
800 801 0
800 803 0
801 802 0
801 803 0
801 804 0
802 866 0
802 804 0
802 805 0
803 804 0
803 806 0
804 805 0
804 806 0
804 807 0
805 808 0
805 866 0
805 807 0
806 809 0
806 807 0
807 808 0
807 809 0
807 810 0
808 810 0
808 811 0
808 866 0
809 810 0
809 812 0
810 811 0
810 812 0
810 813 0
811 866 0
811 813 0
811 814 0
812 813 0
812 815 0
813 816 0
813 814 0
813 815 0
814 816 0
814 817 0
814 866 0
815 816 0
815 818 0
816 817 0
816 818 0
816 819 0
817 866 0
817 819 0
817 820 0
818 819 0
818 821 0
819 820 0
819 821 0
819 822 0
820 866 0
820 822 0
820 823 0
821 824 0
821 822 0
822 824 0
822 825 0
822 823 0
823 825 0
823 826 0
823 866 0
824 825 0
824 827 0
825 826 0
825 827 0
825 828 0
826 866 0
826 828 0
826 829 0
827 828 0
827 830 0
828 829 0
828 830 0
828 831 0
829 832 0
829 866 0
829 831 0
830 833 0
830 831 0
831 832 0
831 833 0
831 834 0
832 834 0
832 835 0
832 866 0
833 834 0
833 836 0
834 835 0
834 836 0
834 837 0
835 866 0
835 837 0
835 838 0
836 837 0
836 839 0
837 840 0
837 838 0
837 839 0
838 840 0
838 841 0
838 866 0
839 840 0
839 842 0
840 841 0
840 842 0
840 843 0
841 866 0
841 843 0
841 844 0
842 843 0
842 845 0
843 844 0
843 845 0
843 846 0
844 866 0
844 846 0
844 847 0
845 848 0
845 846 0
846 848 0
846 849 0
846 847 0
847 849 0
847 850 0
847 866 0
848 849 0
848 851 0
849 850 0
849 851 0
849 852 0
850 866 0
850 852 0
850 853 0
851 852 0
851 854 0
852 853 0
852 854 0
852 855 0
853 856 0
853 866 0
853 855 0
854 857 0
854 855 0
855 856 0
855 857 0
855 858 0
856 858 0
856 859 0
856 866 0
857 858 0
857 860 0
858 859 0
858 860 0
858 861 0
859 866 0
859 861 0
859 862 0
860 861 0
860 863 0
861 864 0
861 862 0
861 863 0
862 864 0
862 865 0
862 866 0
863 864 0
864 865 0
865 866 0
