1841 V=1841 E=5451
0 1 6
0 2 5
0 3 1
0 4 1
0 1519 0
0 1520 1
0 121 3
0 1404 1
1 2 2
1 4 7
1 5 2
1 47 4
1 49 3
2 88 5
2 51 3
2 3 4
2 49 4
3 88 10
3 1404 2
3 87 10
4 121 3
4 5 6
4 6 1
5 45 3
5 47 4
5 6 8
5 7 2
6 8 1
6 121 4
6 7 6
7 8 7
7 9 2
7 43 4
7 45 4
8 9 6
8 10 1
8 121 5
9 43 4
9 10 6
9 11 2
9 41 4
10 121 7
10 11 5
10 12 1
11 41 4
11 12 6
11 13 2
12 121 8
12 122 8
12 13 5
12 14 1
13 37 5
13 39 3
13 41 5
13 14 6
13 15 2
14 16 1
14 122 6
14 15 6
15 16 6
15 17 2
15 35 5
15 37 3
16 17 6
16 18 1
16 122 5
17 35 4
17 18 6
17 19 2
17 33 6
18 122 4
18 19 6
18 20 1
19 33 4
19 20 6
19 21 2
19 31 5
20 122 3
20 21 6
20 22 1
21 31 3
21 29 4
21 22 6
21 23 2
22 23 4
22 24 1
22 122 3
22 123 1
22 124 1
23 24 4
23 25 2
23 29 2
24 25 2
24 124 2
25 26 2
25 125 2
25 124 2
25 29 2
26 79 0
26 29 3
26 27 1
26 28 3
26 125 4
27 65 2
27 78 3
27 79 1
27 52 1
27 53 2
27 28 4
28 54 2
28 53 1
28 29 1
28 30 4
29 30 4
29 31 3
30 32 4
30 55 2
30 54 1
30 31 1
31 32 3
31 33 3
32 56 2
32 33 1
32 34 4
32 55 1
33 34 3
33 35 3
34 56 1
34 57 2
34 35 1
34 36 4
35 36 3
35 37 3
36 57 1
36 58 3
36 37 1
36 38 4
37 38 3
37 39 3
38 40 4
38 58 1
38 59 3
38 39 1
39 40 4
39 41 3
40 41 1
40 42 4
40 59 0
40 60 3
41 42 4
41 43 3
42 43 1
42 44 4
42 61 4
42 60 1
43 44 4
43 45 3
44 62 4
44 61 0
44 45 1
44 46 4
45 46 5
45 47 3
46 48 4
46 63 4
46 62 0
46 47 1
47 48 4
47 49 3
48 64 4
48 49 1
48 50 4
48 63 0
49 50 4
49 51 3
50 64 0
50 90 2
50 51 1
51 88 5
51 90 2
52 65 1
52 66 3
52 53 4
53 66 1
53 67 3
53 54 4
54 67 1
54 68 3
54 55 4
55 56 4
55 68 0
55 69 3
56 57 4
56 69 0
56 70 3
57 58 4
57 70 0
57 71 4
58 72 4
58 59 4
58 71 0
59 72 0
59 73 4
59 60 4
60 73 0
60 74 4
60 61 4
61 74 0
61 75 4
61 62 4
62 75 0
62 76 4
62 63 4
63 64 4
63 76 0
63 77 4
64 90 2
64 77 0
65 66 4
65 78 1
65 79 3
66 80 3
66 67 4
66 79 0
67 80 1
67 81 4
67 68 4
68 81 1
68 82 4
68 69 4
69 82 1
69 83 5
69 70 4
70 83 1
70 84 5
70 71 4
71 72 4
71 84 1
71 85 5
72 73 4
72 85 1
72 86 5
73 74 4
73 86 1
73 87 5
74 88 5
74 75 4
74 87 1
75 88 1
75 89 6
75 76 4
76 89 2
76 90 6
76 77 4
77 90 2
78 79 4
79 80 4
79 81 8
79 125 4
80 81 4
81 82 4
81 125 8
82 83 4
82 125 10
83 84 4
83 125 11
84 125 13
84 85 4
85 1404 10
85 125 15
85 86 4
86 1404 8
86 87 4
87 88 4
87 1404 8
88 89 4
88 90 8
89 90 4
91 96 2
91 1822 5
91 1823 5
91 92 2
91 93 4
91 94 7
91 95 9
92 1824 4
92 93 2
92 1823 5
93 1824 5
93 1825 4
93 94 2
94 1825 5
94 1826 4
94 95 2
95 96 9
95 97 2
95 1826 5
95 1827 4
95 1828 4
96 97 9
96 98 2
96 1822 6
97 98 9
97 99 2
97 1828 5
97 1829 5
98 99 9
98 100 2
98 1821 6
98 1822 8
99 100 8
99 1829 6
99 1830 5
99 101 8
99 102 2
100 1821 8
100 1820 7
100 101 2
101 1819 7
101 1820 8
101 102 8
101 103 2
102 104 2
102 1831 5
102 1830 6
102 103 8
103 104 8
103 105 2
103 1818 10
103 1819 9
104 1832 5
104 105 9
104 106 2
104 1831 5
105 1817 11
105 106 8
105 107 2
105 1818 11
106 1832 6
106 1833 6
106 107 9
106 108 2
107 1816 11
107 1817 12
107 108 8
107 109 2
108 1833 6
108 1834 6
108 109 9
108 110 2
109 1816 11
109 1815 11
109 110 8
109 111 2
110 112 2
110 1834 6
110 1835 7
110 111 9
111 112 9
111 113 2
111 1814 11
111 1815 11
112 113 10
112 114 2
112 1835 6
112 1836 7
113 114 9
113 115 2
113 1813 11
113 1814 11
114 115 10
114 116 2
114 1837 8
114 1836 7
115 1813 11
115 1812 11
115 116 10
115 117 2
116 1838 9
116 1837 7
116 117 10
116 118 2
117 1811 11
117 1812 11
117 118 11
117 119 2
118 120 2
118 1839 10
118 1838 8
118 119 12
119 120 11
119 121 2
119 1811 10
120 1840 11
120 121 12
120 122 2
120 1839 9
121 1519 2
121 1808 10
121 1810 9
121 1811 10
121 122 13
122 1803 13
122 1809 4
122 1840 10
122 123 2
123 1809 2
123 124 2
124 1441 2
124 1478 1
124 1809 0
124 125 1
124 1334 1
124 1405 1
125 1334 2
125 1335 4
125 1336 2
125 1402 17
125 1404 15
126 128 3
126 129 2
126 294 2
126 297 3
126 302 0
126 470 2
126 127 2
127 128 2
127 297 2
127 300 2
127 301 0
128 304 2
128 129 2
128 130 2
128 300 0
129 299 0
129 130 3
129 131 2
129 302 2
130 304 0
130 306 2
130 131 2
130 132 2
131 299 2
131 132 3
131 133 2
131 303 0
132 306 0
132 308 2
132 133 2
132 134 2
133 305 0
133 303 2
133 134 3
133 135 2
134 136 2
134 308 0
134 310 2
134 135 2
135 136 1
135 137 2
135 307 0
135 305 2
136 137 0
136 309 1
136 310 0
137 307 1
137 309 0
138 139 3
138 140 3
138 141 1
138 313 3
138 314 0
139 312 1
139 313 0
139 140 1
140 312 0
140 316 1
140 141 3
140 142 1
141 314 1
141 311 0
141 142 3
141 143 1
142 144 1
142 316 0
142 318 1
142 143 3
143 144 3
143 145 1
143 315 0
143 311 1
144 320 1
144 145 2
144 146 1
144 318 0
145 315 1
145 146 3
145 147 1
145 317 0
146 320 0
146 322 1
146 147 3
146 148 1
147 317 1
147 148 3
147 149 1
147 319 0
148 322 0
148 324 1
148 149 3
148 150 1
149 321 0
149 319 1
149 150 3
149 151 1
150 152 1
150 324 0
150 326 1
150 151 3
151 152 3
151 153 1
151 323 0
151 321 1
152 153 2
152 325 2
152 326 0
153 323 1
153 325 0
154 329 3
154 330 0
154 155 2
154 156 3
154 157 1
155 328 1
155 329 0
155 156 1
156 328 0
156 332 1
156 157 2
156 158 1
157 330 1
157 327 0
157 158 3
157 159 1
158 160 1
158 332 0
158 334 1
158 159 2
159 160 3
159 161 1
159 331 0
159 327 1
160 336 1
160 161 2
160 162 1
160 334 0
161 331 1
161 162 3
161 163 1
161 333 0
162 336 0
162 338 1
162 163 2
162 164 1
163 333 1
163 164 3
163 165 1
163 335 0
164 338 0
164 340 1
164 165 2
164 166 1
165 337 0
165 335 1
165 166 3
165 167 1
166 339 2
166 340 0
166 167 3
167 337 1
167 339 0
168 169 3
168 170 3
168 171 1
168 343 3
168 344 0
169 170 2
169 342 2
169 343 0
170 346 2
170 171 3
170 172 2
170 342 0
171 344 2
171 341 0
171 172 3
171 173 1
172 346 0
172 348 2
172 173 2
172 174 2
173 345 0
173 341 2
173 174 2
173 175 1
174 176 2
174 348 0
174 350 2
174 175 2
175 176 2
175 177 1
175 347 0
175 345 2
176 352 1
176 177 2
176 178 1
176 350 0
177 347 2
177 178 2
177 179 1
177 349 0
178 352 0
178 354 2
178 179 2
178 180 2
179 349 2
179 180 2
179 181 1
179 351 0
180 354 0
180 356 2
180 181 1
180 182 2
181 353 0
181 351 1
181 182 2
181 183 1
182 355 0
182 356 0
182 183 0
183 353 1
183 355 0
184 359 1
184 360 0
184 185 0
184 186 2
184 187 1
185 186 1
185 358 1
185 359 0
186 362 2
186 187 2
186 188 1
186 358 0
187 360 2
187 357 0
187 188 3
187 189 1
188 362 0
188 364 2
188 189 2
188 190 1
189 361 0
189 357 2
189 190 3
189 191 1
190 192 1
190 364 0
190 366 2
190 191 2
191 192 3
191 193 1
191 363 0
191 361 1
192 368 2
192 193 2
192 194 2
192 366 0
193 363 1
193 194 3
193 195 1
193 365 0
194 368 0
194 370 2
194 195 2
194 196 1
195 365 1
195 196 3
195 197 1
195 367 0
196 370 0
196 372 2
196 197 2
196 198 2
197 369 0
197 367 1
197 198 3
197 199 1
198 371 2
198 372 0
198 199 2
199 369 1
199 371 0
200 201 1
200 202 2
200 203 1
200 204 1
200 376 0
200 378 1
201 202 2
201 204 2
201 205 2
201 374 2
201 375 0
202 203 0
202 373 0
202 374 0
203 376 1
203 373 0
204 378 0
204 380 2
204 205 2
204 206 1
205 377 0
205 375 2
205 206 2
205 207 2
206 208 1
206 380 0
206 382 2
206 207 2
207 208 2
207 209 2
207 379 0
207 377 2
208 384 2
208 209 2
208 210 1
208 382 0
209 379 2
209 210 2
209 211 1
209 381 0
210 384 0
210 386 2
210 211 2
210 212 1
211 381 2
211 212 2
211 213 2
211 383 0
212 386 0
212 388 2
212 213 1
212 214 1
213 385 0
213 383 2
213 214 1
213 215 2
214 387 1
214 388 0
214 215 0
215 385 2
215 387 0
216 391 1
216 392 0
216 217 0
216 218 2
216 219 1
217 218 1
217 390 1
217 391 0
218 393 1
218 219 1
218 220 1
218 390 0
219 392 2
219 220 3
219 221 1
219 389 0
220 393 0
220 396 2
220 221 2
220 222 1
221 394 0
221 389 2
221 222 3
221 223 1
222 224 1
222 396 0
222 398 2
222 223 2
223 224 3
223 225 1
223 394 1
223 395 0
224 400 2
224 225 2
224 226 1
224 398 0
225 226 3
225 227 1
225 395 1
225 397 0
226 400 0
226 402 2
226 227 1
226 228 1
227 228 3
227 229 1
227 397 1
227 399 0
228 402 0
228 404 2
228 229 2
228 230 1
229 399 1
229 401 0
229 230 3
229 231 1
230 403 2
230 404 0
230 231 2
231 401 1
231 403 0
232 233 2
232 234 2
232 235 2
232 236 2
232 408 0
232 410 2
233 234 2
233 236 2
233 237 2
233 406 2
233 407 0
234 235 2
234 405 2
234 406 0
235 408 2
235 405 0
236 410 0
236 412 2
236 237 2
236 238 2
237 407 2
237 409 0
237 238 1
237 239 2
238 240 2
238 412 0
238 414 2
238 239 2
239 240 1
239 241 1
239 409 2
239 411 0
240 416 2
240 241 2
240 242 2
240 414 0
241 242 2
241 243 2
241 411 1
241 413 0
242 416 0
242 418 2
242 243 2
242 244 2
243 244 1
243 245 2
243 413 2
243 415 0
244 417 2
244 418 0
244 245 1
245 417 0
245 415 2
246 419 0
246 420 0
246 247 0
246 248 2
246 249 2
247 248 2
247 420 0
247 421 1
248 424 2
248 249 1
248 250 2
248 421 0
249 250 3
249 251 2
249 419 2
249 422 0
250 424 0
250 426 2
250 251 2
250 252 2
251 252 3
251 253 2
251 422 2
251 423 0
252 426 0
252 428 2
252 253 2
252 254 2
253 425 0
253 423 2
253 254 3
253 255 2
254 256 2
254 428 0
254 430 2
254 255 1
255 256 3
255 257 2
255 427 0
255 425 2
256 432 2
256 257 2
256 258 2
256 430 0
257 427 2
257 258 3
257 259 2
257 429 0
258 432 0
258 434 2
258 259 2
258 260 2
259 429 1
259 260 3
259 261 2
259 431 0
260 433 1
260 434 0
260 261 1
261 433 0
261 431 2
262 263 2
262 264 2
262 265 2
262 266 2
262 438 0
262 440 2
263 264 2
263 266 2
263 267 2
263 436 3
263 437 0
264 265 1
264 435 1
264 436 0
265 435 0
265 438 1
266 440 0
266 442 2
266 267 2
266 268 2
267 437 2
267 268 2
267 269 2
267 439 0
268 442 0
268 444 2
268 269 1
268 270 2
269 441 0
269 439 2
269 270 2
269 271 2
270 272 2
270 444 0
270 446 2
270 271 1
271 272 2
271 273 2
271 443 0
271 441 2
272 448 2
272 273 1
272 274 2
272 446 0
273 443 2
273 274 2
273 275 2
273 445 0
274 448 0
274 450 2
274 275 1
274 276 2
275 445 2
275 276 2
275 277 2
275 447 0
276 449 1
276 450 0
276 277 1
277 449 0
277 447 2
278 453 0
278 454 0
278 279 0
278 280 3
278 281 2
279 280 2
279 452 2
279 453 0
280 456 2
280 281 2
280 282 2
280 452 0
281 282 4
281 283 2
281 454 2
281 451 0
282 456 0
282 458 2
282 283 2
282 284 2
283 451 2
283 284 4
283 285 2
283 455 0
284 458 0
284 460 3
284 285 2
284 286 2
285 457 0
285 455 2
285 286 4
285 287 2
286 288 2
286 460 0
286 462 3
286 287 2
287 288 4
287 289 2
287 459 0
287 457 2
288 464 3
288 289 2
288 290 2
288 462 0
289 290 4
289 291 2
289 461 0
289 459 2
290 464 0
290 466 3
290 291 2
290 292 2
291 461 2
291 292 4
291 293 2
291 463 0
292 465 3
292 466 0
292 293 3
293 465 0
293 463 2
294 295 1
294 296 2
294 297 2
294 469 2
294 470 0
295 296 0
295 298 0
295 469 0
295 471 1
296 297 2
296 298 0
296 467 2
296 468 0
297 467 0
297 301 2
298 468 0
298 471 0
299 300 2
299 301 3
299 302 2
299 303 2
300 304 2
300 301 2
300 303 3
301 467 2
301 470 3
301 302 2
302 470 2
303 304 2
303 305 2
304 305 3
304 306 2
305 306 2
305 307 2
306 307 3
306 308 2
307 308 2
307 309 2
308 309 3
308 310 2
309 310 0
311 312 3
311 313 3
311 314 1
311 315 1
312 313 1
312 315 3
312 316 1
313 314 3
315 316 3
315 317 1
316 317 3
316 318 1
317 318 2
317 319 1
318 320 1
318 319 3
319 320 3
319 321 1
320 321 3
320 322 1
321 322 3
321 323 1
322 323 3
322 324 1
323 324 3
323 325 1
324 325 3
324 326 1
325 326 2
327 328 2
327 329 3
327 330 1
327 331 1
328 329 1
328 331 3
328 332 1
329 330 2
331 332 2
331 333 1
332 333 3
332 334 1
333 334 2
333 335 1
334 336 1
334 335 2
335 336 2
335 337 1
336 337 3
336 338 1
337 338 2
337 339 1
338 339 3
338 340 1
339 340 3
341 344 1
341 345 1
341 342 3
341 343 4
342 345 3
342 346 2
342 343 2
343 344 3
345 346 2
345 347 1
346 347 3
346 348 2
347 348 2
347 349 1
348 349 3
348 350 2
349 350 2
349 351 1
350 352 1
350 351 3
351 352 2
351 353 1
352 353 2
352 354 2
353 354 1
353 355 1
354 355 2
354 356 2
355 356 0
357 360 1
357 361 1
357 358 2
357 359 2
358 361 2
358 362 1
358 359 1
359 360 0
361 362 2
361 363 1
362 363 2
362 364 1
363 364 2
363 365 1
364 365 2
364 366 1
365 366 2
365 367 1
366 368 2
366 367 2
367 368 2
367 369 1
368 369 2
368 370 1
369 370 2
369 371 1
370 371 2
370 372 2
371 372 2
373 376 1
373 374 0
373 375 2
374 375 2
375 376 1
375 377 2
376 377 2
376 378 1
377 378 2
377 379 2
378 379 3
378 380 1
379 380 2
379 381 2
380 381 3
380 382 1
381 382 2
381 383 1
382 384 1
382 383 3
383 384 2
383 385 2
384 385 3
384 386 1
385 386 1
385 387 2
386 387 2
386 388 1
387 388 0
389 390 1
389 391 2
389 392 1
389 393 3
389 394 1
390 393 1
390 391 1
391 392 0
393 394 2
393 395 2
393 396 1
394 395 1
395 396 2
395 397 1
396 397 2
396 398 1
397 398 2
397 399 1
398 400 1
398 399 2
399 400 1
399 401 1
400 401 2
400 402 1
401 402 2
401 403 1
402 403 2
402 404 1
403 404 2
405 408 2
405 406 2
405 407 3
406 407 2
407 408 2
407 409 2
408 409 3
408 410 2
409 410 2
409 411 2
410 411 4
410 412 2
411 412 2
411 413 1
412 413 3
412 414 2
413 414 2
413 415 2
414 416 2
414 415 4
415 416 2
415 417 2
416 417 3
416 418 2
417 418 1
419 420 0
419 421 2
419 422 2
420 421 2
421 424 2
421 422 1
421 423 2
422 423 2
423 424 2
423 425 2
424 425 3
424 426 2
425 426 2
425 427 2
426 427 2
426 428 2
427 428 1
427 429 2
428 429 2
428 430 2
429 430 2
429 431 2
430 432 2
430 431 2
431 432 2
431 433 2
432 433 2
432 434 2
433 434 1
435 436 1
435 437 2
435 438 2
436 437 2
437 438 2
437 439 2
438 440 2
438 439 3
439 440 2
439 441 2
440 441 3
440 442 2
441 442 1
441 443 2
442 443 3
442 444 2
443 444 1
443 445 2
444 445 3
444 446 2
445 446 1
445 447 2
446 448 2
446 447 3
447 448 1
447 449 2
448 449 3
448 450 2
449 450 1
451 452 2
451 453 1
451 454 2
451 455 2
452 456 2
452 453 2
452 455 2
453 454 0
455 456 2
455 457 2
456 457 2
456 458 2
457 458 2
457 459 2
458 459 2
458 460 2
459 460 2
459 461 2
460 461 1
460 462 2
461 462 2
461 463 2
462 464 2
462 463 2
463 464 2
463 465 2
464 465 3
464 466 2
465 466 3
467 468 2
467 469 2
467 470 2
468 469 0
468 471 0
469 470 1
469 471 0
472 545 30
472 1076 4
472 473 2
472 474 3
472 475 2
472 541 31
472 543 30
473 622 0
473 623 3
473 1075 3
473 1076 3
473 474 3
474 624 3
474 475 2
474 476 2
474 623 1
475 541 31
475 539 32
475 476 3
475 477 2
476 624 0
476 625 3
476 477 2
476 478 2
477 537 32
477 539 32
477 478 3
477 479 2
478 480 3
478 625 0
478 626 3
478 479 2
479 480 3
479 481 2
479 537 33
479 535 33
480 481 2
480 482 2
480 627 3
480 626 0
481 482 2
481 483 2
481 533 32
481 535 33
482 627 0
482 628 3
482 483 2
482 484 2
483 533 32
483 531 32
483 484 3
483 485 2
484 629 3
484 628 0
484 485 2
484 486 2
485 529 31
485 531 31
485 486 2
485 487 2
486 488 2
486 629 1
486 487 1
487 488 2
487 489 2
487 529 30
487 527 30
488 489 1
488 490 3
488 629 2
488 630 2
488 631 3
489 490 2
489 491 2
489 525 29
489 527 29
490 632 3
490 491 1
490 492 2
490 631 1
491 525 28
491 523 27
491 492 2
491 493 2
492 632 1
492 633 3
492 493 1
492 494 3
493 521 25
493 523 26
493 494 2
493 495 2
494 496 2
494 633 1
494 634 3
494 495 1
495 496 3
495 497 2
495 521 24
495 519 24
496 497 2
496 498 3
496 635 3
496 634 1
497 498 3
497 499 2
497 517 21
497 519 22
498 635 1
498 636 3
498 499 2
498 500 3
499 517 19
499 515 18
499 500 3
499 501 2
500 637 3
500 636 1
500 501 2
500 502 2
501 513 14
501 515 16
501 502 3
501 503 2
502 504 2
502 637 1
502 638 3
502 503 2
503 513 13
503 504 2
503 505 2
503 507 5
503 509 8
503 511 10
504 505 2
504 506 2
504 638 1
504 639 3
505 506 2
505 507 2
506 640 3
506 507 2
506 508 2
506 639 1
507 508 2
507 509 2
508 640 1
508 641 3
508 509 2
508 510 2
509 510 1
509 511 2
510 512 2
510 641 1
510 642 3
510 511 2
511 512 1
511 513 2
512 513 2
512 514 3
512 643 3
512 642 2
513 514 1
513 515 2
514 644 3
514 515 2
514 516 2
514 643 2
515 516 1
515 517 2
516 644 2
516 517 2
516 518 2
516 645 3
517 518 1
517 519 2
518 520 3
518 645 2
518 646 3
518 519 2
519 520 1
519 521 2
520 521 2
520 522 2
520 646 2
520 647 3
521 522 1
521 523 2
522 648 3
522 523 2
522 524 2
522 647 2
523 524 1
523 525 2
524 648 2
524 649 3
524 525 2
524 526 3
525 526 1
525 527 2
526 528 2
526 649 2
526 650 4
526 527 2
527 528 1
527 529 2
528 529 2
528 530 3
528 651 4
528 650 2
529 530 1
529 531 2
530 652 3
530 531 2
530 532 3
530 651 2
531 532 1
531 533 2
532 652 2
532 533 2
532 534 3
532 653 2
533 534 1
533 535 2
534 536 2
534 653 1
534 654 2
534 535 2
535 536 1
535 537 2
536 537 2
536 538 2
536 654 0
536 655 2
537 538 1
537 539 2
538 656 2
538 539 2
538 540 2
538 655 0
539 540 1
539 541 2
540 656 1
540 657 2
540 541 1
540 542 3
541 542 1
541 543 2
542 544 3
542 657 0
542 658 2
542 543 1
543 544 1
543 545 2
544 545 1
544 546 3
544 659 2
544 658 0
545 546 2
545 547 2
545 1076 29
546 660 2
546 547 1
546 548 3
546 659 0
547 1073 27
547 548 2
547 549 2
547 1076 28
548 660 0
548 549 1
548 550 3
548 661 2
549 1073 25
549 550 2
549 551 2
550 552 2
550 661 0
550 662 2
550 551 1
551 552 2
551 553 2
551 1077 24
551 1073 24
552 553 1
552 554 3
552 662 0
552 663 2
553 554 2
553 555 2
553 1077 23
554 664 2
554 555 1
554 556 2
554 663 0
555 1077 22
555 556 2
555 557 2
555 1079 23
556 664 0
556 665 2
556 557 1
556 558 2
557 1079 21
557 558 2
557 559 2
558 560 3
558 665 0
558 666 2
558 559 1
559 560 2
559 561 2
559 1079 20
560 561 1
560 562 2
560 667 3
560 666 0
561 1081 21
561 562 2
561 563 2
561 1079 19
562 668 3
562 563 1
562 564 3
562 667 0
563 1081 20
563 564 3
563 565 2
564 668 0
564 565 1
564 566 2
564 669 3
565 1081 19
565 619 21
565 566 3
565 567 2
566 568 2
566 669 0
566 670 3
566 567 1
567 568 3
567 569 2
567 619 21
567 617 22
568 569 1
568 570 2
568 670 0
568 671 3
569 617 22
569 570 3
569 571 2
569 615 22
570 672 3
570 571 1
570 572 2
570 671 0
571 613 22
571 572 3
571 573 2
571 615 22
572 672 0
572 673 3
572 573 1
572 574 2
573 611 23
573 613 22
573 574 3
573 575 2
574 576 3
574 673 0
574 674 3
574 575 1
575 576 3
575 577 2
575 611 23
575 609 23
576 674 0
576 577 1
576 578 3
576 675 3
577 609 23
577 578 3
577 579 2
577 607 24
578 676 3
578 579 1
578 580 2
578 675 0
579 605 23
579 580 3
579 581 2
579 607 23
580 676 0
580 581 1
580 582 2
580 677 3
581 603 23
581 605 23
581 582 3
581 583 2
582 584 2
582 677 0
582 678 3
582 583 1
583 584 3
583 585 2
583 603 22
583 601 21
584 585 1
584 586 2
584 678 0
584 679 3
585 601 19
585 586 3
585 587 2
585 599 18
586 680 3
586 587 1
586 588 3
586 679 0
587 597 13
587 588 3
587 589 2
587 599 16
588 680 0
588 681 3
588 589 1
588 590 2
589 597 11
589 590 3
589 591 2
590 592 3
590 681 0
590 682 3
590 591 2
591 592 3
591 593 2
591 597 8
592 682 0
592 593 2
592 594 2
592 683 3
593 594 3
593 595 2
593 597 5
594 684 3
594 595 1
594 596 3
594 683 0
595 596 2
595 597 2
596 684 0
596 597 1
596 598 2
596 685 3
597 598 2
597 599 2
598 600 2
598 685 0
598 686 3
598 599 0
599 600 2
599 601 3
600 601 1
600 602 2
600 686 0
600 687 3
601 602 2
601 603 2
602 688 3
602 603 1
602 604 3
602 687 1
603 604 2
603 605 2
604 688 1
604 689 3
604 605 1
604 606 2
605 606 2
605 607 2
606 608 2
606 689 1
606 690 3
606 607 1
607 608 2
607 609 2
608 690 1
608 609 1
608 610 3
608 691 3
609 610 2
609 611 2
610 692 3
610 611 1
610 612 2
610 691 1
611 612 2
611 613 2
612 692 0
612 613 1
612 614 3
612 693 3
613 614 2
613 615 2
614 616 3
614 693 1
614 694 3
614 615 0
615 616 2
615 617 2
616 617 0
616 618 2
616 694 1
616 695 3
617 618 2
617 619 2
618 696 3
618 619 0
618 620 2
618 695 1
619 1081 3
619 620 2
619 621 2
620 696 1
620 1082 0
620 621 1
620 1087 1
621 1081 0
621 1082 0
622 623 3
622 1075 3
622 697 4
622 698 6
622 1084 2
623 624 3
623 698 3
623 699 6
624 625 3
624 699 3
624 700 6
625 626 3
625 700 4
625 701 6
626 627 3
626 701 4
626 702 6
627 628 3
627 702 4
627 703 6
628 704 6
628 629 3
628 703 4
629 704 4
629 705 6
629 630 2
630 705 3
630 706 6
630 631 3
631 632 3
631 706 3
631 707 6
632 633 3
632 707 3
632 708 6
633 634 3
633 708 3
633 709 6
634 635 3
634 709 3
634 710 6
635 636 3
635 710 3
635 711 6
636 712 6
636 637 3
636 711 3
637 712 3
637 713 5
637 638 3
638 713 3
638 714 5
638 639 3
639 640 3
639 714 2
639 715 5
640 641 3
640 715 2
640 716 5
641 642 3
641 716 2
641 717 4
642 643 3
642 717 2
642 718 4
643 644 3
643 718 2
643 719 4
644 720 4
644 645 3
644 719 2
645 720 2
645 721 4
645 646 3
646 721 2
646 722 4
646 647 3
647 648 3
647 722 2
647 723 4
648 649 3
648 723 2
648 724 4
649 650 3
649 724 2
649 725 4
650 651 3
650 725 2
650 726 4
651 652 3
651 726 2
651 727 4
652 728 4
652 653 2
652 727 2
653 728 3
653 729 5
653 654 2
654 729 4
654 730 5
654 655 3
655 656 3
655 730 3
655 731 5
656 657 3
656 731 3
656 732 5
657 658 3
657 732 4
657 733 5
658 659 3
658 733 3
658 734 5
659 660 3
659 734 3
659 735 5
660 736 5
660 661 3
660 735 4
661 736 4
661 737 6
661 662 3
662 737 4
662 738 6
662 663 3
663 664 3
663 738 4
663 739 6
664 665 3
664 739 4
664 740 6
665 666 3
665 740 4
665 741 6
666 667 3
666 741 4
666 742 6
667 668 3
667 742 4
667 743 6
668 744 6
668 669 3
668 743 4
669 744 5
669 745 6
669 670 3
670 745 5
670 746 6
670 671 3
671 672 3
671 746 5
671 747 7
672 673 3
672 747 5
672 748 7
673 674 3
673 748 5
673 749 7
674 675 3
674 749 5
674 750 7
675 676 3
675 750 5
675 751 7
676 752 7
676 677 3
676 751 5
677 752 5
677 753 7
677 678 3
678 753 5
678 754 6
678 679 3
679 680 3
679 754 5
679 755 6
680 681 3
680 755 4
680 756 6
681 682 3
681 756 4
681 757 5
682 683 3
682 757 4
682 758 5
683 684 3
683 758 4
683 759 5
684 760 5
684 685 3
684 759 4
685 760 4
685 761 5
685 686 3
686 761 3
686 762 4
686 687 3
687 688 3
687 762 3
687 763 5
688 689 3
688 763 3
688 764 5
689 690 3
689 764 4
689 765 4
690 691 3
690 765 4
690 766 5
691 692 3
691 766 4
691 767 5
692 768 5
692 693 3
692 767 4
693 768 4
693 769 5
693 694 3
694 769 4
694 770 5
694 695 3
695 696 2
695 770 4
695 771 6
696 1097 5
696 771 5
696 1092 2
696 1087 0
697 1089 3
697 772 3
697 773 6
697 1093 2
697 698 2
697 1084 6
698 699 2
698 773 3
698 774 6
699 700 2
699 774 3
699 775 6
700 776 6
700 701 2
700 775 3
701 776 3
701 777 5
701 702 2
702 777 3
702 778 5
702 703 2
703 704 3
703 778 3
703 779 5
704 705 2
704 779 3
704 780 5
705 706 2
705 780 3
705 781 5
706 707 2
706 781 3
706 782 5
707 708 2
707 782 2
707 783 5
708 784 5
708 709 2
708 783 2
709 784 3
709 785 5
709 710 2
710 785 2
710 786 5
710 711 2
711 712 2
711 786 2
711 787 5
712 713 3
712 787 2
712 788 5
713 714 2
713 788 2
713 789 5
714 715 2
714 789 2
714 790 5
715 716 2
715 790 2
715 791 4
716 792 4
716 717 2
716 791 2
717 792 2
717 793 4
717 718 2
718 793 2
718 794 4
718 719 2
719 720 2
719 794 1
719 795 4
720 721 2
720 795 1
720 796 4
721 722 2
721 796 1
721 797 4
722 723 2
722 797 1
722 798 4
723 724 2
723 798 1
723 799 4
724 800 4
724 725 2
724 799 1
725 800 2
725 801 4
725 726 2
726 801 1
726 802 3
726 727 2
727 728 2
727 802 1
727 803 3
728 729 2
728 803 1
728 804 4
729 730 2
729 804 2
729 805 4
730 731 2
730 805 2
730 806 4
731 732 2
731 806 2
731 807 4
732 808 4
732 733 2
732 807 2
733 808 2
733 809 4
733 734 2
734 809 2
734 810 4
734 735 2
735 736 2
735 810 2
735 811 4
736 737 2
736 811 2
736 812 4
737 738 2
737 812 3
737 813 4
738 739 2
738 813 3
738 814 4
739 740 2
739 814 3
739 815 4
740 816 4
740 741 2
740 815 3
741 816 3
741 817 4
741 742 2
742 817 3
742 818 4
742 743 2
743 744 2
743 818 3
743 819 4
744 745 2
744 819 3
744 820 4
745 746 2
745 820 3
745 821 4
746 747 2
746 821 3
746 822 4
747 748 2
747 822 3
747 823 4
748 824 4
748 749 2
748 823 3
749 824 3
749 825 4
749 750 2
750 825 3
750 826 4
750 751 2
751 752 2
751 826 3
751 827 4
752 753 2
752 827 2
752 828 4
753 754 2
753 828 2
753 829 3
754 755 2
754 829 2
754 830 3
755 756 2
755 830 2
755 831 3
756 832 3
756 757 2
756 831 2
757 832 3
757 833 4
757 758 2
758 833 3
758 834 4
758 759 2
759 760 2
759 834 3
759 835 4
760 761 2
760 835 3
760 836 4
761 762 2
761 836 4
761 837 4
762 763 2
762 837 4
762 838 4
763 764 2
763 838 4
763 839 4
764 840 3
764 765 2
764 839 4
765 840 4
765 841 4
765 766 2
766 841 4
766 842 3
766 767 2
767 768 2
767 842 4
767 843 3
768 769 2
768 843 4
768 844 4
769 770 2
769 844 4
769 845 3
770 771 2
770 845 4
770 846 4
771 1097 0
771 1100 3
771 1101 2
771 846 2
772 1093 5
772 773 2
772 847 2
772 849 0
772 850 3
773 850 0
773 851 3
773 774 2
774 851 0
774 852 3
774 775 2
775 776 2
775 852 0
775 853 3
776 777 2
776 853 0
776 854 3
777 778 2
777 854 0
777 855 3
778 856 3
778 779 2
778 855 0
779 856 0
779 857 3
779 780 2
780 857 0
780 858 3
780 781 2
781 858 0
781 859 3
781 782 2
782 859 0
782 860 3
782 783 2
783 784 2
783 860 0
783 861 3
784 785 2
784 861 0
784 862 3
785 786 2
785 862 0
785 863 3
786 864 3
786 787 2
786 863 0
787 864 0
787 865 3
787 788 2
788 865 0
788 866 3
788 789 2
789 866 0
789 867 3
789 790 2
790 867 0
790 868 3
790 791 2
791 792 2
791 868 0
791 869 3
792 793 2
792 869 0
792 870 3
793 794 2
793 870 0
793 871 3
794 872 3
794 795 2
794 871 0
795 872 0
795 873 3
795 796 2
796 873 0
796 874 3
796 797 2
797 874 0
797 875 3
797 798 2
798 875 0
798 876 3
798 799 2
799 800 2
799 876 0
799 877 3
800 801 2
800 877 0
800 878 3
801 802 2
801 878 0
801 879 3
802 880 3
802 803 2
802 879 0
803 880 0
803 881 3
803 804 2
804 881 0
804 882 3
804 805 2
805 882 0
805 883 3
805 806 2
806 883 0
806 884 3
806 807 2
807 808 2
807 884 0
807 885 3
808 809 2
808 885 0
808 886 3
809 810 2
809 886 0
809 887 3
810 888 3
810 811 2
810 887 0
811 888 0
811 889 3
811 812 2
812 889 0
812 890 3
812 813 2
813 890 0
813 891 3
813 814 2
814 891 0
814 892 3
814 815 2
815 816 2
815 892 0
815 893 3
816 817 2
816 893 0
816 894 3
817 818 2
817 894 0
817 895 3
818 896 3
818 819 2
818 895 0
819 896 0
819 897 3
819 820 2
820 897 0
820 898 3
820 821 2
821 898 0
821 899 3
821 822 2
822 899 0
822 900 3
822 823 2
823 824 2
823 900 0
823 901 3
824 825 2
824 901 0
824 902 3
825 826 2
825 902 0
825 903 3
826 904 3
826 827 2
826 903 0
827 904 0
827 905 3
827 828 2
828 905 0
828 906 3
828 829 2
829 906 0
829 907 3
829 830 2
830 907 0
830 908 3
830 831 2
831 832 2
831 908 0
831 909 3
832 833 2
832 909 0
832 910 3
833 834 2
833 910 0
833 911 3
834 912 3
834 835 2
834 911 0
835 912 0
835 913 3
835 836 2
836 913 0
836 914 3
836 837 2
837 914 0
837 915 2
837 838 2
838 915 0
838 916 2
838 839 2
839 840 2
839 916 0
839 917 2
840 841 2
840 917 0
840 918 2
841 842 2
841 918 0
841 919 2
842 920 2
842 843 2
842 919 0
843 920 0
843 921 2
843 844 2
844 921 0
844 922 2
844 845 2
845 922 0
845 923 2
845 846 2
846 923 0
846 1100 0
847 1093 3
847 1102 1
847 1103 1
847 848 0
847 849 3
848 1103 1
848 1104 2
848 849 2
848 924 0
848 925 3
849 850 2
849 925 1
849 926 3
850 851 2
850 926 1
850 927 3
851 928 3
851 852 2
851 927 1
852 928 1
852 929 3
852 853 2
853 929 1
853 930 3
853 854 2
854 930 1
854 931 3
854 855 2
855 856 2
855 931 1
855 932 3
856 857 2
856 932 1
856 933 3
857 858 2
857 933 1
857 934 3
858 859 2
858 934 1
858 935 3
859 936 3
859 860 2
859 935 1
860 936 1
860 937 3
860 861 2
861 937 1
861 938 3
861 862 2
862 938 1
862 939 3
862 863 2
863 864 2
863 939 1
863 940 3
864 865 2
864 940 1
864 941 3
865 866 2
865 941 1
865 942 4
866 867 2
866 942 1
866 943 4
867 944 4
867 868 2
867 943 1
868 944 1
868 945 4
868 869 2
869 945 1
869 946 4
869 870 2
870 946 1
870 947 4
870 871 2
871 872 2
871 947 1
871 948 4
872 873 2
872 948 1
872 949 4
873 874 2
873 949 1
873 950 4
874 875 2
874 950 1
874 951 4
875 952 4
875 876 2
875 951 1
876 952 1
876 953 4
876 877 2
877 953 1
877 954 4
877 878 2
878 954 1
878 955 4
878 879 2
879 880 2
879 955 1
879 956 4
880 881 2
880 956 1
880 957 4
881 882 2
881 957 1
881 958 4
882 883 2
882 958 1
882 959 4
883 960 4
883 884 2
883 959 1
884 960 1
884 961 4
884 885 2
885 961 1
885 962 4
885 886 2
886 962 1
886 963 4
886 887 2
887 888 2
887 963 1
887 964 4
888 889 2
888 964 1
888 965 4
889 890 2
889 965 1
889 966 4
890 891 2
890 966 1
890 967 4
891 968 4
891 892 2
891 967 1
892 968 1
892 969 4
892 893 2
893 969 1
893 970 4
893 894 2
894 970 1
894 971 4
894 895 2
895 896 2
895 971 1
895 972 4
896 897 2
896 972 1
896 973 4
897 898 2
897 973 1
897 974 4
898 899 2
898 974 1
898 975 4
899 976 4
899 900 2
899 975 1
900 976 1
900 977 4
900 901 2
901 977 1
901 978 4
901 902 2
902 978 1
902 979 4
902 903 2
903 904 2
903 979 1
903 980 4
904 905 2
904 980 1
904 981 4
905 906 2
905 981 1
905 982 4
906 907 2
906 982 1
906 983 4
907 984 3
907 908 2
907 983 1
908 984 1
908 985 3
908 909 2
909 985 1
909 986 3
909 910 2
910 986 1
910 987 3
910 911 2
911 912 2
911 987 1
911 988 3
912 913 2
912 988 1
912 989 3
913 914 2
913 989 1
913 990 3
914 915 2
914 990 1
914 991 3
915 992 3
915 916 2
915 991 1
916 992 1
916 993 3
916 917 2
917 993 1
917 994 3
917 918 2
918 994 1
918 995 3
918 919 2
919 920 2
919 995 1
919 996 3
920 921 2
920 996 1
920 997 3
921 922 2
921 997 1
921 998 3
922 923 2
922 998 0
923 1100 0
923 998 2
924 1104 2
924 925 2
924 999 2
925 1000 2
925 926 2
925 999 1
926 1000 1
926 1001 2
926 927 2
927 928 2
927 1001 1
927 1002 2
928 929 2
928 1002 1
928 1003 2
929 930 2
929 1003 1
929 1004 2
930 931 2
930 1004 1
930 1005 2
931 932 2
931 1005 1
931 1006 2
932 933 2
932 1006 1
932 1007 2
933 1008 2
933 934 2
933 1007 1
934 1008 1
934 1009 2
934 935 2
935 936 2
935 1009 1
935 1010 2
936 937 2
936 1010 1
936 1011 2
937 938 2
937 1011 1
937 1012 2
938 939 2
938 1012 0
938 1013 2
939 940 2
939 1013 0
939 1014 2
940 941 2
940 1014 1
940 1015 2
941 1016 2
941 942 2
941 1015 1
942 1016 0
942 1017 2
942 943 2
943 944 2
943 1017 0
943 1018 2
944 945 2
944 1018 0
944 1019 3
945 946 2
945 1019 0
945 1020 3
946 947 2
946 1020 1
946 1021 3
947 948 2
947 1021 0
947 1022 3
948 949 2
948 1022 1
948 1023 3
949 1024 3
949 950 2
949 1023 1
950 1024 1
950 1025 3
950 951 2
951 952 2
951 1025 1
951 1026 3
952 953 2
952 1026 1
952 1027 3
953 954 2
953 1027 1
953 1028 3
954 955 2
954 1028 0
954 1029 3
955 956 2
955 1029 0
955 1030 3
956 957 2
956 1030 1
956 1031 3
957 1032 3
957 958 2
957 1031 1
958 1032 1
958 1033 3
958 959 2
959 960 2
959 1033 1
959 1034 3
960 961 2
960 1034 1
960 1035 3
961 962 2
961 1035 1
961 1036 3
962 963 2
962 1036 1
962 1037 3
963 964 2
963 1037 1
963 1038 3
964 965 2
964 1038 0
964 1039 3
965 1040 3
965 966 2
965 1039 1
966 1040 1
966 1041 3
966 967 2
967 968 2
967 1041 1
967 1042 3
968 969 2
968 1042 1
968 1043 3
969 970 2
969 1043 1
969 1044 2
970 971 2
970 1044 1
970 1045 2
971 972 2
971 1045 1
971 1046 2
972 973 2
972 1046 1
972 1047 2
973 1048 2
973 974 2
973 1047 1
974 1048 1
974 1049 2
974 975 2
975 976 2
975 1049 1
975 1050 2
976 977 2
976 1050 1
976 1051 2
977 978 2
977 1051 1
977 1052 2
978 979 2
978 1052 1
978 1053 2
979 980 2
979 1053 1
979 1054 2
980 981 2
980 1054 1
980 1055 2
981 1056 2
981 982 2
981 1055 1
982 1056 1
982 1057 2
982 983 2
983 984 2
983 1057 0
983 1058 1
984 985 2
984 1058 1
984 1059 4
985 986 2
985 1059 1
985 1060 2
986 987 2
986 1060 1
986 1061 3
987 988 2
987 1061 0
987 1062 2
988 989 2
988 1062 0
988 1063 3
989 1064 3
989 990 2
989 1063 0
990 1064 0
990 1065 3
990 991 2
991 992 2
991 1065 1
991 1066 3
992 993 2
992 1066 0
992 1067 3
993 994 2
993 1067 0
993 1068 3
994 995 2
994 1068 1
994 1069 3
995 996 2
995 1069 0
995 1070 3
996 997 2
996 1070 1
996 1071 3
997 1072 3
997 998 2
997 1071 0
998 1072 0
998 1100 3
999 1000 2
999 1104 1
999 1105 4
999 1106 6
999 1146 1
1000 1001 2
1000 1106 4
1000 1107 6
1001 1002 2
1001 1107 4
1001 1108 6
1002 1003 2
1002 1108 3
1002 1109 6
1003 1004 2
1003 1109 3
1003 1110 5
1004 1005 2
1004 1110 3
1004 1111 5
1005 1112 5
1005 1006 2
1005 1111 3
1006 1112 2
1006 1113 5
1006 1007 2
1007 1008 2
1007 1113 2
1007 1114 5
1008 1009 2
1008 1114 2
1008 1115 5
1009 1010 2
1009 1115 2
1009 1116 5
1010 1011 2
1010 1116 2
1010 1117 5
1011 1012 2
1011 1117 2
1011 1118 5
1012 1013 2
1012 1118 3
1012 1119 5
1013 1120 5
1013 1014 2
1013 1119 3
1014 1120 3
1014 1121 5
1014 1015 2
1015 1016 2
1015 1121 2
1015 1122 4
1016 1017 2
1016 1122 2
1016 1123 4
1017 1018 2
1017 1123 2
1017 1124 4
1018 1019 2
1018 1124 2
1018 1125 4
1019 1020 2
1019 1125 2
1019 1126 4
1020 1021 2
1020 1126 2
1020 1127 4
1021 1128 4
1021 1022 2
1021 1127 2
1022 1128 2
1022 1129 4
1022 1023 2
1023 1024 2
1023 1129 2
1023 1130 4
1024 1025 2
1024 1130 2
1024 1131 4
1025 1026 2
1025 1131 2
1025 1132 3
1026 1027 2
1026 1132 2
1026 1133 3
1027 1028 2
1027 1133 2
1027 1134 3
1028 1029 2
1028 1134 2
1028 1135 3
1029 1136 3
1029 1030 2
1029 1135 1
1030 1136 1
1030 1137 2
1030 1031 2
1031 1032 2
1031 1137 1
1031 1138 2
1032 1033 2
1032 1138 1
1032 1139 2
1033 1034 2
1033 1139 1
1033 1140 2
1034 1035 2
1034 1140 1
1034 1141 2
1035 1715 4
1035 1036 2
1035 1141 1
1035 1332 1
1036 1715 2
1036 1037 2
1036 1718 1
1036 1717 2
1037 1717 0
1037 1038 2
1038 1716 4
1038 1717 2
1038 1039 2
1039 1040 2
1039 1730 2
1039 1716 7
1040 1041 2
1040 1730 3
1041 1730 6
1041 1042 2
1042 1736 2
1042 1730 8
1042 1043 2
1043 1736 3
1043 1044 2
1044 1736 5
1044 1045 2
1044 1742 4
1045 1776 3
1045 1748 4
1045 1742 7
1045 1046 2
1046 1776 2
1046 1048 5
1046 1762 7
1046 1047 2
1047 1048 2
1048 1049 2
1048 1762 1
1049 1050 2
1049 1762 1
1050 1761 1
1050 1762 4
1050 1051 2
1051 1760 3
1051 1761 2
1051 1052 2
1052 1760 4
1052 1764 4
1052 1053 2
1053 1766 5
1053 1764 6
1053 1054 2
1054 1768 6
1054 1766 6
1054 1055 2
1055 1056 2
1055 1770 5
1055 1768 7
1056 1057 2
1056 1770 7
1056 1772 6
1057 1774 7
1057 1058 1
1057 1772 7
1057 1574 1
1058 1059 5
1058 1574 0
1059 1570 6
1059 1060 1
1059 1574 5
1059 1561 0
1059 1562 2
1060 1061 2
1060 1559 7
1060 1560 6
1060 1561 1
1060 1563 3
1061 1557 8
1061 1558 7
1061 1062 2
1061 1559 6
1062 1556 7
1062 1557 7
1062 1063 2
1063 1064 2
1063 1555 7
1063 1556 7
1064 1065 2
1064 1555 6
1065 1066 2
1065 1551 2
1065 1552 3
1065 1553 4
1065 1554 5
1065 1555 7
1066 1067 2
1066 1541 3
1066 1551 0
1067 1522 5
1067 1068 2
1067 1541 0
1068 1522 2
1068 1069 2
1069 1521 1
1069 1522 0
1069 1070 2
1070 1521 1
1070 1714 2
1070 1071 2
1071 1072 2
1071 1633 3
1071 1714 3
1072 1633 3
1072 1100 3
1073 1074 1
1073 1075 6
1073 1076 6
1073 1077 6
1074 1075 6
1074 1077 6
1074 1078 6
1074 1083 1
1074 1084 6
1075 1076 1
1075 1084 0
1077 1078 1
1077 1079 6
1078 1080 6
1078 1083 6
1078 1085 1
1078 1079 6
1079 1080 1
1079 1081 6
1080 1081 6
1080 1082 6
1080 1085 6
1080 1086 1
1081 1082 1
1082 1086 6
1082 1087 1
1083 1088 2
1083 1089 8
1083 1084 6
1083 1085 6
1084 1089 3
1085 1088 7
1085 1090 2
1085 1086 6
1086 1090 7
1086 1091 2
1086 1087 6
1087 1091 6
1087 1092 2
1088 1089 7
1088 1090 7
1088 1093 7
1088 1095 1
1088 1098 3
1089 1093 0
1090 1091 7
1090 1094 2
1090 1095 7
1091 1096 2
1091 1092 6
1091 1094 7
1092 1096 6
1092 1097 2
1093 1102 2
1093 1098 4
1093 1142 2
1094 1095 7
1094 1096 7
1094 1609 5
1094 1593 5
1094 1594 4
1095 1225 4
1095 1098 2
1095 1099 2
1095 1593 4
1096 1609 4
1096 1097 6
1096 1617 7
1097 1617 5
1097 1101 1
1098 1184 2
1098 1225 2
1098 1099 0
1098 1142 3
1099 1225 2
1100 1625 3
1100 1101 0
1100 1633 6
1101 1617 3
1101 1625 4
1102 1143 2
1102 1142 1
1102 1103 2
1103 1104 2
1103 1144 1
1103 1143 2
1104 1144 2
1104 1145 1
1104 1146 2
1105 1106 2
1105 1147 3
1105 1148 1
1105 1146 2
1106 1107 2
1106 1148 3
1106 1149 1
1107 1108 2
1107 1149 3
1107 1150 1
1108 1109 2
1108 1150 3
1108 1151 2
1109 1152 2
1109 1110 2
1109 1151 4
1110 1152 4
1110 1153 2
1110 1111 2
1111 1112 2
1111 1153 4
1111 1154 2
1112 1113 2
1112 1154 4
1112 1155 2
1113 1114 2
1113 1155 4
1113 1156 2
1114 1115 2
1114 1156 4
1114 1157 2
1115 1116 2
1115 1157 4
1115 1158 2
1116 1117 2
1116 1158 4
1116 1159 2
1117 1160 2
1117 1118 2
1117 1159 3
1118 1160 3
1118 1161 2
1118 1119 2
1119 1120 2
1119 1161 3
1119 1162 2
1120 1121 2
1120 1162 3
1120 1163 2
1121 1122 2
1121 1163 3
1121 1164 3
1122 1123 2
1122 1164 3
1122 1165 3
1123 1124 2
1123 1165 3
1123 1166 2
1124 1125 2
1124 1166 2
1124 1167 2
1125 1168 2
1125 1126 2
1125 1167 2
1126 1168 2
1126 1169 2
1126 1127 2
1127 1128 2
1127 1169 2
1127 1170 2
1128 1129 2
1128 1170 2
1128 1171 2
1129 1130 2
1129 1171 2
1129 1172 2
1130 1131 2
1130 1172 1
1130 1173 2
1131 1132 2
1131 1173 2
1131 1174 2
1132 1133 2
1132 1174 2
1132 1175 2
1133 1176 2
1133 1134 2
1133 1175 2
1134 1176 2
1134 1177 2
1134 1135 2
1135 1136 2
1135 1177 2
1135 1178 2
1136 1137 2
1136 1178 1
1136 1179 2
1137 1138 2
1137 1179 1
1137 1180 2
1138 1139 2
1138 1180 1
1138 1181 2
1139 1140 2
1139 1181 1
1139 1182 1
1140 1141 2
1140 1182 1
1140 1183 1
1141 1332 0
1141 1333 1
1141 1183 1
1142 1184 1
1142 1185 1
1142 1143 2
1143 1144 2
1143 1185 1
1143 1186 1
1144 1145 2
1144 1186 2
1144 1187 1
1145 1146 3
1145 1147 2
1145 1188 1
1145 1187 2
1146 1147 1
1147 1188 3
1147 1148 2
1147 1189 1
1148 1149 2
1148 1190 1
1148 1189 3
1149 1190 3
1149 1150 2
1149 1191 2
1150 1192 2
1150 1191 3
1150 1151 2
1151 1152 2
1151 1193 2
1151 1192 3
1152 1153 2
1152 1194 2
1152 1193 3
1153 1194 4
1153 1154 2
1153 1195 2
1154 1155 2
1154 1196 2
1154 1195 4
1155 1196 4
1155 1156 2
1155 1197 2
1156 1157 2
1156 1198 2
1156 1197 4
1157 1198 4
1157 1158 2
1157 1199 2
1158 1200 2
1158 1199 4
1158 1159 2
1159 1160 2
1159 1201 2
1159 1200 4
1160 1161 2
1160 1202 3
1160 1201 4
1161 1202 4
1161 1162 2
1161 1203 2
1162 1163 2
1162 1204 2
1162 1203 3
1163 1204 3
1163 1164 2
1163 1205 2
1164 1165 2
1164 1206 2
1164 1205 3
1165 1206 2
1165 1166 2
1165 1207 2
1166 1208 2
1166 1207 2
1166 1167 2
1167 1168 2
1167 1209 2
1167 1208 2
1168 1169 2
1168 1210 2
1168 1209 2
1169 1210 2
1169 1170 2
1169 1211 2
1170 1171 2
1170 1212 2
1170 1211 2
1171 1212 2
1171 1172 2
1171 1213 2
1172 1173 2
1172 1214 2
1172 1213 2
1173 1214 2
1173 1174 2
1173 1215 2
1174 1216 2
1174 1215 2
1174 1175 2
1175 1176 2
1175 1217 2
1175 1216 2
1176 1177 2
1176 1218 2
1176 1217 2
1177 1218 2
1177 1178 2
1177 1219 3
1178 1179 2
1178 1220 3
1178 1219 3
1179 1220 3
1179 1180 2
1179 1221 3
1180 1221 2
1180 1181 2
1180 1222 3
1181 1222 2
1181 1182 2
1181 1223 2
1182 1224 1
1182 1223 2
1182 1183 2
1183 1224 1
1183 1265 2
1183 1333 0
1184 1185 2
1184 1226 2
1184 1225 0
1185 1226 0
1185 1186 2
1185 1227 2
1186 1187 2
1186 1228 2
1186 1227 0
1187 1228 0
1187 1188 2
1187 1229 2
1188 1229 0
1188 1189 2
1188 1230 2
1189 1230 0
1189 1190 2
1189 1231 2
1190 1232 2
1190 1231 0
1190 1191 2
1191 1192 2
1191 1233 2
1191 1232 0
1192 1193 2
1192 1234 2
1192 1233 0
1193 1234 1
1193 1194 2
1193 1235 2
1194 1195 2
1194 1236 2
1194 1235 0
1195 1236 1
1195 1196 2
1195 1237 2
1196 1237 0
1196 1197 2
1196 1238 2
1197 1238 0
1197 1198 2
1197 1239 2
1198 1240 1
1198 1239 0
1198 1199 2
1199 1200 2
1199 1241 2
1199 1240 0
1200 1201 2
1200 1242 2
1200 1241 0
1201 1242 0
1201 1202 2
1201 1243 2
1202 1203 2
1202 1244 1
1202 1243 0
1203 1244 0
1203 1204 2
1203 1245 1
1204 1245 0
1204 1205 2
1204 1246 2
1205 1246 0
1205 1206 2
1205 1247 2
1206 1248 2
1206 1247 0
1206 1207 2
1207 1208 2
1207 1249 2
1207 1248 0
1208 1209 2
1208 1250 2
1208 1249 0
1209 1210 2
1209 1251 2
1209 1250 0
1210 1211 2
1210 1252 2
1210 1251 0
1211 1212 2
1211 1253 2
1211 1252 0
1212 1253 0
1212 1213 2
1212 1254 2
1213 1254 0
1213 1214 2
1213 1255 1
1214 1256 1
1214 1255 0
1214 1215 2
1215 1216 2
1215 1257 1
1215 1256 0
1216 1217 2
1216 1258 1
1216 1257 0
1217 1218 2
1217 1259 1
1217 1258 1
1218 1219 2
1218 1260 1
1218 1259 1
1219 1220 2
1219 1261 1
1219 1260 0
1220 1261 1
1220 1221 2
1220 1262 1
1221 1262 1
1221 1222 2
1221 1263 1
1222 1264 1
1222 1263 1
1222 1223 2
1223 1224 2
1223 1265 1
1223 1264 1
1224 1265 1
1225 1593 6
1225 1226 2
1225 1596 5
1226 1227 2
1226 1596 5
1227 1596 6
1227 1228 2
1227 1598 4
1228 1600 4
1228 1229 2
1228 1598 6
1229 1600 5
1229 1230 2
1230 1600 7
1230 1700 2
1230 1231 2
1231 1232 2
1231 1700 2
1232 1233 2
1232 1699 2
1232 1700 4
1233 1234 2
1233 1699 1
1234 1706 2
1234 1235 2
1234 1699 3
1235 1706 2
1235 1236 2
1236 1706 3
1236 1645 2
1236 1237 2
1237 1644 2
1237 1645 3
1237 1238 2
1238 1644 3
1238 1239 2
1239 1240 2
1239 1667 2
1239 1644 5
1240 1241 2
1240 1667 3
1241 1242 2
1241 1667 5
1241 1666 1
1242 1666 2
1242 1243 2
1243 1666 4
1243 1244 2
1243 1687 1
1244 1245 2
1244 1686 1
1244 1687 1
1245 1688 2
1245 1686 2
1245 1246 2
1246 1688 3
1246 1689 3
1246 1247 2
1247 1248 2
1247 1689 3
1247 1690 3
1247 1691 3
1247 1692 4
1248 1249 2
1248 1692 3
1248 1693 3
1248 1694 4
1249 1250 2
1249 1694 2
1249 1695 2
1250 1696 1
1250 1251 2
1250 1695 1
1251 1696 1
1251 1252 2
1252 1696 3
1252 1253 2
1253 1696 5
1253 1685 1
1253 1254 2
1254 1685 2
1254 1255 2
1255 1256 2
1255 1684 1
1255 1685 4
1256 1257 2
1256 1684 2
1256 1663 1
1257 1258 2
1257 1663 2
1258 1259 2
1258 1663 4
1259 1260 2
1259 1662 5
1259 1663 7
1260 1756 3
1260 1261 2
1260 1662 8
1261 1756 2
1261 1262 2
1262 1756 4
1262 1263 2
1263 1264 2
1263 1755 2
1263 1756 6
1264 1265 2
1264 1721 6
1264 1755 2
1265 1721 4
1265 1333 2
1265 1719 5
1266 1477 3
1266 1449 1
1266 1450 1
1266 1326 0
1266 1267 1
1266 1268 3
1266 1269 2
1266 1306 0
1267 1306 0
1267 1307 1
1267 1268 2
1268 1307 1
1268 1308 1
1268 1269 1
1268 1270 2
1269 1450 1
1269 1451 2
1269 1270 3
1269 1271 2
1270 1272 2
1270 1308 1
1270 1309 1
1270 1271 1
1271 1272 3
1271 1273 2
1271 1451 0
1271 1452 2
1272 1273 1
1272 1274 2
1272 1309 1
1272 1310 2
1273 1274 2
1273 1275 2
1273 1452 0
1273 1453 3
1274 1275 1
1274 1276 2
1274 1310 2
1274 1311 2
1275 1276 2
1275 1277 2
1275 1454 3
1275 1453 1
1276 1312 2
1276 1277 2
1276 1278 2
1276 1311 2
1277 1454 1
1277 1278 3
1277 1279 2
1278 1280 2
1278 1313 2
1278 1312 1
1278 1279 3
1279 1280 3
1279 1281 2
1279 1454 1
1279 1455 2
1280 1281 5
1280 1282 2
1280 1314 2
1280 1313 2
1281 1456 2
1281 1282 5
1281 1283 2
1281 1455 1
1282 1315 2
1282 1314 2
1282 1283 6
1282 1284 2
1283 1456 0
1283 1457 2
1283 1284 7
1283 1285 2
1284 1315 2
1284 1316 2
1284 1285 6
1284 1286 2
1285 1457 0
1285 1458 2
1285 1286 6
1285 1287 2
1286 1288 2
1286 1316 2
1286 1317 2
1286 1287 5
1287 1288 6
1287 1289 2
1287 1458 0
1288 1289 5
1288 1290 2
1288 1317 2
1288 1318 3
1289 1458 2
1289 1290 6
1289 1291 2
1289 1459 1
1290 1291 6
1290 1292 2
1290 1318 2
1290 1319 3
1291 1460 1
1291 1459 1
1291 1292 6
1291 1293 2
1292 1320 3
1292 1293 5
1292 1294 2
1292 1319 2
1293 1460 1
1293 1461 1
1293 1294 5
1293 1295 2
1294 1296 2
1294 1321 3
1294 1320 2
1294 1295 3
1295 1296 4
1295 1297 2
1295 1461 1
1295 1462 2
1296 1297 2
1296 1298 2
1296 1322 3
1296 1321 1
1297 1298 3
1297 1299 2
1297 1462 1
1297 1463 3
1298 1323 3
1298 1322 1
1298 1299 1
1298 1300 2
1299 1300 3
1299 1301 2
1299 1463 1
1300 1323 1
1300 1324 3
1300 1301 1
1300 1302 2
1301 1464 1
1301 1463 2
1301 1302 2
1301 1303 2
1302 1304 2
1302 1324 1
1302 1325 3
1302 1303 0
1303 1304 2
1303 1305 2
1303 1465 2
1303 1464 1
1304 1305 0
1304 1476 2
1304 1325 1
1305 1465 1
1305 1466 2
1305 1476 2
1306 1307 2
1306 1326 0
1306 1327 2
1307 1328 2
1307 1308 2
1307 1327 1
1308 1328 1
1308 1329 2
1308 1309 2
1309 1329 1
1309 1579 2
1309 1310 2
1310 1579 1
1310 1580 2
1310 1311 2
1311 1312 2
1311 1580 1
1311 1581 3
1312 1313 2
1312 1581 2
1312 1582 5
1313 1314 2
1313 1582 4
1313 1583 6
1314 1584 8
1314 1315 2
1314 1583 6
1315 1584 7
1315 1585 8
1315 1316 2
1316 1585 8
1316 1586 9
1316 1317 2
1317 1586 8
1317 1587 8
1317 1318 2
1318 1587 7
1318 1588 5
1318 1319 2
1319 1320 2
1319 1588 5
1319 1589 3
1320 1321 2
1320 1589 3
1320 1590 2
1321 1322 2
1321 1590 2
1321 1591 2
1322 1592 2
1322 1323 2
1322 1591 1
1323 1592 1
1323 1330 3
1323 1324 2
1324 1330 1
1324 1331 3
1324 1325 2
1325 1331 1
1325 1476 2
1326 1477 2
1326 1501 6
1326 1502 6
1326 1327 2
1327 1328 2
1327 1499 3
1327 1500 3
1327 1501 4
1328 1329 2
1328 1498 1
1328 1499 2
1329 1536 2
1329 1538 4
1329 1579 2
1329 1498 3
1329 1534 3
1330 1592 2
1330 1331 2
1330 1509 4
1330 1767 7
1331 1476 2
1331 1509 2
1332 1715 4
1332 1333 1
1333 1715 5
1333 1719 4
1334 1405 0
1334 1406 2
1334 1335 2
1335 1336 3
1335 1337 2
1335 1406 1
1335 1407 2
1336 1337 5
1336 1338 3
1336 1402 18
1337 1408 2
1337 1338 4
1337 1339 2
1337 1407 1
1338 1400 21
1338 1402 20
1338 1339 6
1338 1340 2
1339 1408 1
1339 1409 2
1339 1340 3
1339 1341 2
1340 1400 21
1340 1398 22
1340 1341 6
1340 1342 3
1341 1409 0
1341 1410 2
1341 1342 4
1341 1343 2
1342 1344 2
1342 1396 24
1342 1398 23
1342 1343 6
1343 1344 4
1343 1345 2
1343 1410 0
1343 1411 2
1344 1345 6
1344 1346 2
1344 1396 24
1344 1394 24
1345 1412 2
1345 1346 4
1345 1347 2
1345 1411 0
1346 1392 24
1346 1394 24
1346 1347 6
1346 1348 2
1347 1412 1
1347 1348 3
1347 1349 2
1347 1413 3
1348 1392 24
1348 1390 24
1348 1349 6
1348 1350 2
1349 1414 3
1349 1413 1
1349 1350 4
1349 1351 2
1350 1352 2
1350 1388 23
1350 1390 23
1350 1351 7
1351 1352 4
1351 1353 2
1351 1414 1
1351 1415 3
1352 1353 7
1352 1354 2
1352 1388 23
1352 1386 23
1353 1416 3
1353 1354 5
1353 1355 2
1353 1415 1
1354 1384 21
1354 1386 21
1354 1355 7
1354 1356 2
1355 1416 1
1355 1417 3
1355 1356 5
1355 1357 2
1356 1384 20
1356 1382 19
1356 1357 7
1356 1358 2
1357 1417 1
1357 1418 3
1357 1358 5
1357 1359 2
1358 1360 2
1358 1380 18
1358 1382 18
1358 1359 7
1359 1360 5
1359 1361 2
1359 1418 1
1359 1419 3
1360 1361 7
1360 1362 2
1360 1380 17
1360 1378 16
1361 1420 4
1361 1362 5
1361 1363 2
1361 1419 1
1362 1376 14
1362 1378 15
1362 1363 8
1362 1364 2
1363 1420 1
1363 1364 5
1363 1365 2
1363 1421 3
1364 1376 13
1364 1374 12
1364 1365 8
1364 1366 2
1365 1422 2
1365 1421 1
1365 1366 5
1365 1367 2
1366 1367 6
1366 1368 2
1366 1370 5
1366 1372 8
1366 1374 10
1367 1368 4
1367 1369 2
1367 1422 1
1367 1423 2
1368 1369 6
1368 1370 2
1369 1424 2
1369 1370 4
1369 1371 2
1369 1423 1
1370 1371 6
1370 1372 2
1371 1424 1
1371 1425 2
1371 1372 4
1371 1373 2
1372 1373 5
1372 1374 3
1373 1425 1
1373 1426 1
1373 1374 4
1373 1375 2
1374 1376 2
1374 1375 3
1375 1376 2
1375 1377 2
1375 1426 2
1375 1427 0
1376 1377 2
1376 1378 3
1377 1428 1
1377 1378 1
1377 1379 2
1377 1427 2
1378 1379 2
1378 1380 2
1379 1428 2
1379 1380 1
1379 1381 2
1379 1429 1
1380 1381 2
1380 1382 2
1381 1430 1
1381 1429 2
1381 1382 1
1381 1383 2
1382 1384 2
1382 1383 2
1383 1384 1
1383 1385 2
1383 1430 2
1383 1431 1
1384 1385 2
1384 1386 2
1385 1432 1
1385 1386 0
1385 1387 2
1385 1431 1
1386 1387 2
1386 1388 2
1387 1432 2
1387 1433 1
1387 1388 0
1387 1389 2
1388 1389 2
1388 1390 2
1389 1433 1
1389 1434 1
1389 1390 0
1389 1391 2
1390 1392 2
1390 1391 2
1391 1392 0
1391 1393 2
1391 1434 1
1391 1435 2
1392 1393 2
1392 1394 2
1393 1436 1
1393 1394 1
1393 1395 2
1393 1435 1
1394 1395 2
1394 1396 2
1395 1436 1
1395 1396 1
1395 1397 2
1395 1437 2
1396 1397 2
1396 1398 2
1397 1438 1
1397 1437 1
1397 1398 1
1397 1399 2
1398 1400 2
1398 1399 3
1399 1400 2
1399 1401 2
1399 1438 1
1399 1439 1
1400 1401 3
1400 1402 2
1401 1440 1
1401 1402 1
1401 1403 2
1401 1439 1
1402 1403 2
1402 1404 2
1403 1440 1
1403 1520 0
1403 1404 1
1404 1520 0
1405 1441 2
1405 1406 2
1406 1441 1
1406 1442 2
1406 1407 2
1407 1408 2
1407 1442 2
1407 1443 2
1408 1409 2
1408 1443 1
1408 1444 2
1409 1410 2
1409 1444 1
1409 1445 2
1410 1411 2
1410 1445 1
1410 1446 2
1411 1412 2
1411 1446 1
1411 1447 2
1412 1448 2
1412 1413 2
1412 1447 1
1413 1448 1
1413 1449 2
1413 1414 2
1414 1449 1
1414 1450 2
1414 1415 2
1415 1416 2
1415 1450 1
1415 1451 3
1416 1417 2
1416 1451 1
1416 1452 3
1417 1418 2
1417 1452 1
1417 1453 3
1418 1419 2
1418 1453 1
1418 1454 3
1419 1420 2
1419 1454 1
1419 1455 3
1420 1456 3
1420 1421 2
1420 1455 1
1421 1456 1
1421 1457 2
1421 1422 2
1422 1457 1
1422 1458 2
1422 1423 2
1423 1424 2
1423 1458 1
1423 1459 2
1424 1425 2
1424 1459 1
1424 1460 2
1425 1426 2
1425 1460 1
1425 1461 2
1426 1427 2
1426 1461 1
1426 1462 2
1427 1428 2
1427 1462 1
1427 1463 2
1428 1464 2
1428 1429 2
1428 1463 1
1429 1464 0
1429 1465 2
1429 1430 2
1430 1465 0
1430 1466 3
1430 1431 2
1431 1432 2
1431 1466 1
1431 1467 3
1432 1433 2
1432 1467 0
1432 1468 3
1433 1434 2
1433 1468 0
1433 1469 3
1434 1435 2
1434 1469 1
1434 1470 3
1435 1436 2
1435 1470 0
1435 1471 3
1436 1472 3
1436 1437 2
1436 1471 1
1437 1472 0
1437 1473 3
1437 1438 2
1438 1473 1
1438 1474 3
1438 1439 2
1439 1440 2
1439 1474 1
1439 1475 3
1440 1520 2
1440 1475 0
1440 1487 1
1441 1442 3
1441 1478 1
1441 1479 1
1442 1480 1
1442 1443 3
1442 1479 2
1443 1480 2
1443 1481 1
1443 1444 3
1444 1481 2
1444 1482 1
1444 1445 3
1445 1482 3
1445 1483 1
1445 1446 3
1446 1483 3
1446 1484 1
1446 1447 3
1447 1448 3
1447 1484 3
1447 1485 1
1448 1449 3
1448 1485 3
1448 1486 1
1449 1450 3
1449 1477 1
1449 1486 4
1450 1451 3
1451 1452 3
1452 1453 3
1453 1454 3
1454 1455 3
1455 1456 3
1456 1457 3
1457 1458 3
1458 1459 3
1459 1460 3
1460 1461 2
1461 1462 3
1462 1463 3
1463 1464 3
1464 1465 3
1465 1466 3
1466 1467 3
1466 1476 0
1467 1488 0
1467 1476 3
1467 1468 3
1468 1488 3
1468 1489 0
1468 1469 3
1469 1489 3
1469 1490 0
1469 1470 3
1470 1490 3
1470 1491 1
1470 1471 3
1471 1472 3
1471 1491 4
1471 1492 1
1471 1493 1
1472 1473 3
1472 1493 1
1472 1494 1
1473 1474 3
1473 1494 1
1473 1495 1
1474 1495 1
1474 1475 3
1474 1487 1
1475 1487 2
1476 1488 3
1476 1509 4
1477 1502 5
1477 1486 2
1477 1503 6
1478 1809 0
1478 1479 2
1479 1480 2
1479 1809 3
1480 1481 2
1480 1514 4
1480 1804 4
1480 1809 6
1481 1482 2
1481 1514 2
1482 1514 0
1482 1483 2
1482 1515 3
1482 1496 4
1482 1497 4
1483 1497 5
1483 1506 4
1483 1484 2
1484 1505 4
1484 1506 5
1484 1485 2
1485 1504 4
1485 1505 5
1485 1486 2
1486 1504 6
1486 1503 5
1487 1520 2
1487 1517 6
1487 1495 2
1488 1489 2
1488 1509 5
1488 1510 4
1489 1490 2
1489 1510 6
1489 1511 5
1490 1512 4
1490 1491 2
1490 1511 6
1491 1512 6
1491 1513 4
1491 1492 2
1492 1513 6
1492 1507 4
1492 1508 4
1492 1493 2
1493 1508 4
1493 1516 4
1493 1517 1
1493 1518 1
1493 1494 2
1494 1517 1
1494 1495 2
1495 1517 3
1496 1797 2
1496 1798 5
1496 1639 5
1496 1640 7
1496 1515 1
1496 1497 2
1497 1506 2
1497 1638 5
1497 1639 7
1498 1499 1
1498 1532 3
1498 1534 2
1499 1500 1
1499 1532 3
1500 1530 4
1500 1532 3
1500 1501 2
1501 1530 5
1501 1502 1
1502 1713 1
1502 1530 6
1502 1636 13
1502 1503 5
1503 1504 2
1503 1636 8
1503 1637 11
1504 1505 2
1504 1637 8
1505 1506 2
1505 1637 6
1505 1638 9
1506 1638 7
1507 1513 3
1507 1508 3
1507 1750 5
1507 1751 7
1508 1752 7
1508 1516 3
1508 1751 5
1509 1765 6
1509 1510 3
1509 1767 7
1510 1765 7
1510 1511 3
1511 1512 3
1511 1777 3
1511 1749 12
1511 1765 10
1512 1513 3
1512 1749 9
1513 1749 7
1513 1750 8
1514 1803 2
1514 1515 2
1514 1804 0
1515 1840 3
1515 1803 0
1515 1797 3
1516 1752 4
1516 1518 4
1516 1807 1
1517 1520 9
1517 1805 2
1517 1518 1
1517 1806 3
1518 1806 2
1518 1807 5
1519 1520 2
1519 1808 9
1519 1805 11
1520 1805 10
1521 1709 4
1521 1714 3
1521 1522 1
1521 1523 3
1521 1524 2
1522 1523 2
1522 1541 4
1522 1542 6
1523 1524 1
1523 1525 2
1523 1542 4
1523 1543 6
1524 1710 4
1524 1525 3
1524 1526 2
1524 1709 3
1525 1544 6
1525 1543 4
1525 1526 1
1525 1527 2
1526 1528 2
1526 1711 4
1526 1710 3
1526 1527 3
1527 1528 1
1527 1529 2
1527 1545 7
1527 1544 4
1528 1712 4
1528 1529 3
1528 1530 2
1528 1711 4
1529 1545 4
1529 1530 1
1529 1531 2
1529 1546 7
1530 1712 5
1530 1713 5
1530 1531 3
1530 1532 2
1531 1546 5
1531 1547 7
1531 1532 1
1531 1533 2
1532 1533 3
1532 1534 2
1533 1547 5
1533 1548 7
1533 1534 1
1533 1535 2
1534 1536 2
1534 1535 3
1535 1536 1
1535 1537 2
1535 1548 5
1535 1549 8
1536 1537 3
1536 1538 2
1537 1538 1
1537 1539 2
1537 1549 5
1537 1550 8
1538 1579 2
1538 1539 4
1538 1540 2
1539 1582 2
1539 1540 1
1539 1550 6
1540 1579 4
1540 1580 2
1540 1581 1
1540 1582 3
1541 1552 4
1541 1542 2
1541 1551 3
1542 1552 3
1542 1553 5
1542 1543 2
1543 1544 2
1543 1553 3
1543 1554 5
1544 1545 2
1544 1554 4
1544 1555 5
1545 1546 2
1545 1555 4
1545 1556 6
1546 1547 2
1546 1556 5
1546 1557 6
1547 1548 2
1547 1557 5
1547 1558 6
1548 1549 2
1548 1558 5
1548 1559 6
1549 1560 6
1549 1550 2
1549 1559 5
1550 1560 4
1550 1584 2
1550 1582 5
1550 1583 2
1551 1552 2
1552 1553 2
1553 1554 2
1554 1555 2
1555 1556 2
1556 1557 2
1557 1558 2
1558 1559 2
1559 1560 2
1560 1584 6
1560 1563 4
1560 1565 2
1560 1567 2
1561 1562 2
1561 1563 2
1562 1571 6
1562 1570 5
1562 1563 0
1562 1564 2
1563 1564 2
1563 1565 2
1564 1571 5
1564 1572 6
1564 1565 0
1564 1566 2
1565 1566 2
1565 1567 2
1566 1568 2
1566 1572 5
1566 1573 6
1566 1567 0
1567 1568 2
1567 1569 2
1567 1584 5
1568 1569 0
1568 1585 2
1568 1573 5
1568 1641 2
1569 1584 3
1569 1641 2
1570 1576 2
1570 1571 2
1570 1574 2
1570 1575 0
1571 1576 0
1571 1577 2
1571 1572 2
1572 1577 0
1572 1578 2
1572 1573 2
1573 1585 4
1573 1578 0
1573 1586 2
1573 1775 2
1574 1774 6
1574 1575 2
1575 1576 2
1575 1774 4
1576 1577 2
1576 1774 2
1577 1578 2
1577 1774 2
1578 1774 3
1578 1775 2
1579 1580 2
1580 1581 2
1581 1582 2
1582 1583 2
1583 1584 2
1584 1585 2
1584 1641 1
1585 1641 2
1585 1586 2
1586 1587 2
1586 1775 2
1587 1588 2
1587 1773 3
1587 1774 6
1587 1775 0
1588 1773 3
1588 1589 2
1589 1773 5
1589 1590 2
1590 1771 6
1590 1773 7
1590 1591 2
1591 1592 2
1591 1769 7
1591 1771 7
1592 1769 7
1592 1767 7
1593 1594 0
1593 1595 3
1593 1596 3
1594 1609 7
1594 1610 6
1594 1595 3
1595 1610 7
1595 1611 6
1595 1596 0
1595 1597 3
1596 1597 3
1596 1598 3
1597 1611 7
1597 1612 6
1597 1598 0
1597 1599 3
1598 1600 3
1598 1599 3
1599 1600 0
1599 1601 3
1599 1612 7
1599 1613 7
1600 1601 3
1600 1602 3
1600 1700 8
1601 1602 0
1601 1603 3
1601 1613 8
1601 1614 7
1602 1700 6
1602 1603 3
1602 1604 3
1603 1604 0
1603 1605 3
1603 1614 7
1603 1615 7
1604 1697 5
1604 1700 5
1604 1605 3
1604 1606 3
1605 1615 7
1605 1616 7
1605 1606 0
1605 1607 3
1606 1697 4
1606 1701 5
1606 1703 6
1606 1608 3
1606 1607 3
1607 1794 1
1607 1795 5
1607 1608 0
1607 1802 2
1607 1616 7
1608 1794 0
1608 1703 4
1609 1617 8
1609 1610 3
1609 1618 7
1610 1618 8
1610 1611 3
1610 1619 7
1611 1619 7
1611 1612 3
1611 1620 7
1612 1620 7
1612 1613 3
1612 1621 7
1613 1622 6
1613 1621 7
1613 1614 3
1614 1623 6
1614 1622 7
1614 1615 3
1615 1616 3
1615 1624 6
1615 1623 7
1616 1624 7
1616 1801 4
1616 1795 2
1616 1796 1
1617 1625 0
1617 1618 3
1617 1626 4
1618 1626 0
1618 1619 3
1618 1627 4
1619 1627 0
1619 1620 3
1619 1628 3
1620 1628 0
1620 1621 3
1620 1629 3
1621 1630 3
1621 1629 0
1621 1622 3
1622 1631 3
1622 1630 0
1622 1623 3
1623 1624 3
1623 1632 3
1623 1631 0
1624 1632 0
1624 1800 0
1624 1801 2
1625 1633 5
1625 1626 3
1625 1634 7
1626 1635 7
1626 1634 7
1626 1627 3
1627 1636 7
1627 1635 7
1627 1628 3
1628 1637 6
1628 1636 6
1628 1629 3
1629 1638 4
1629 1637 5
1629 1630 3
1630 1639 4
1630 1638 4
1630 1631 3
1631 1632 3
1631 1640 3
1631 1639 4
1632 1640 3
1632 1800 0
1632 1799 3
1633 1714 4
1633 1634 3
1633 1709 5
1634 1635 3
1634 1709 5
1634 1710 6
1635 1636 3
1635 1710 8
1635 1711 8
1636 1712 12
1636 1713 12
1636 1637 3
1636 1711 12
1637 1638 3
1638 1639 3
1639 1640 3
1640 1798 2
1640 1799 1
1642 1705 3
1642 1643 1
1642 1644 2
1642 1645 2
1642 1646 2
1642 1707 2
1643 1664 3
1643 1667 3
1643 1644 2
1643 1646 2
1643 1647 2
1644 1667 4
1644 1645 1
1645 1705 2
1645 1706 3
1646 1648 2
1646 1707 3
1646 1708 2
1646 1647 1
1647 1648 2
1647 1649 2
1647 1668 2
1647 1664 3
1648 1708 4
1648 1649 1
1648 1650 2
1648 1789 1
1648 1790 4
1649 1650 2
1649 1651 2
1649 1668 2
1649 1670 2
1650 1651 1
1650 1652 2
1650 1789 3
1650 1788 1
1651 1672 2
1651 1652 2
1651 1653 2
1651 1670 2
1652 1787 1
1652 1788 2
1652 1653 1
1652 1654 2
1653 1672 3
1653 1674 1
1653 1654 2
1653 1655 2
1654 1656 2
1654 1786 1
1654 1787 2
1654 1655 1
1655 1656 3
1655 1657 2
1655 1674 2
1655 1676 1
1656 1657 1
1656 1658 2
1656 1786 1
1657 1658 3
1657 1659 2
1657 1676 3
1657 1678 2
1658 1782 3
1658 1785 1
1658 1786 4
1658 1659 1
1658 1660 2
1659 1680 1
1659 1660 3
1659 1661 2
1659 1678 3
1660 1757 6
1660 1782 3
1660 1661 1
1660 1662 2
1661 1680 3
1661 1682 1
1661 1662 3
1661 1663 2
1662 1753 7
1662 1756 9
1662 1757 6
1662 1663 1
1663 1682 3
1663 1684 2
1664 1665 5
1664 1666 5
1664 1667 2
1664 1668 2
1665 1666 1
1665 1668 5
1665 1669 1
1665 1686 6
1665 1687 5
1666 1667 5
1666 1687 6
1668 1669 5
1668 1670 2
1669 1688 6
1669 1686 6
1669 1670 4
1669 1671 2
1670 1672 2
1670 1671 4
1671 1672 3
1671 1673 2
1671 1689 6
1671 1688 6
1672 1673 3
1672 1674 2
1673 1689 6
1673 1674 4
1673 1675 2
1673 1690 6
1674 1675 3
1674 1676 2
1675 1690 6
1675 1691 5
1675 1676 4
1675 1677 1
1676 1677 4
1676 1678 2
1677 1691 6
1677 1692 5
1677 1678 4
1677 1679 2
1678 1680 2
1678 1679 3
1679 1680 5
1679 1681 1
1679 1692 6
1679 1693 5
1680 1681 4
1680 1682 2
1681 1682 5
1681 1683 2
1681 1693 6
1681 1694 6
1682 1683 4
1682 1684 2
1683 1684 6
1683 1685 1
1683 1694 6
1683 1695 6
1684 1685 4
1685 1696 6
1685 1695 7
1686 1688 1
1686 1687 1
1688 1689 1
1689 1690 1
1690 1691 1
1691 1692 1
1692 1693 1
1693 1694 1
1694 1695 1
1695 1696 1
1697 1698 5
1697 1699 5
1697 1700 2
1697 1701 3
1698 1699 2
1698 1701 4
1698 1702 2
1698 1705 4
1698 1706 3
1699 1706 3
1699 1700 6
1701 1702 5
1701 1703 3
1702 1704 2
1702 1705 3
1702 1707 4
1702 1703 4
1703 1704 4
1703 1792 2
1703 1794 3
1703 1793 0
1704 1792 2
1704 1707 4
1704 1708 4
1704 1791 1
1705 1706 2
1705 1707 2
1707 1708 2
1708 1790 0
1708 1791 3
1709 1714 2
1709 1710 1
1710 1711 2
1711 1712 1
1712 1713 1
1715 1716 1
1715 1717 3
1715 1718 2
1715 1719 2
1716 1720 2
1716 1730 7
1716 1717 2
1716 1719 3
1717 1718 1
1719 1720 1
1719 1721 2
1720 1721 3
1720 1722 2
1720 1729 7
1720 1730 8
1721 1722 0
1721 1723 2
1721 1755 7
1722 1729 8
1722 1723 3
1722 1724 2
1722 1731 7
1723 1755 5
1723 1724 0
1723 1725 2
1724 1731 8
1724 1732 7
1724 1725 3
1724 1726 2
1725 1779 2
1725 1780 5
1725 1754 5
1725 1755 4
1725 1726 0
1725 1727 2
1726 1728 2
1726 1732 8
1726 1733 7
1726 1727 3
1727 1728 0
1727 1816 2
1727 1779 0
1727 1817 0
1728 1816 2
1728 1733 8
1728 1734 7
1729 1736 10
1729 1730 2
1729 1731 2
1729 1735 8
1730 1736 9
1731 1737 8
1731 1732 2
1731 1735 10
1732 1737 10
1732 1738 8
1732 1733 2
1733 1738 9
1733 1739 8
1733 1734 2
1734 1739 9
1734 1740 7
1734 1814 1
1734 1815 1
1734 1816 5
1735 1736 3
1735 1737 3
1735 1741 0
1735 1742 3
1736 1742 1
1737 1738 3
1737 1741 3
1737 1743 0
1738 1744 0
1738 1739 3
1738 1743 3
1739 1744 3
1739 1745 0
1739 1740 3
1740 1745 3
1740 1746 0
1740 1812 0
1740 1813 3
1740 1814 6
1741 1747 6
1741 1748 7
1741 1742 3
1741 1743 3
1742 1748 5
1743 1744 3
1743 1747 8
1743 1749 6
1744 1745 3
1744 1749 7
1744 1750 6
1745 1746 3
1745 1750 7
1745 1751 5
1746 1752 4
1746 1812 0
1746 1751 6
1747 1777 8
1747 1778 6
1747 1748 3
1747 1749 3
1748 1776 4
1748 1778 6
1749 1777 10
1749 1750 3
1750 1751 3
1751 1752 3
1752 1807 3
1752 1808 3
1752 1810 1
1752 1811 1
1752 1812 5
1753 1754 6
1753 1755 8
1753 1756 2
1753 1757 2
1754 1755 2
1754 1780 2
1754 1757 8
1754 1758 2
1755 1756 6
1757 1782 4
1757 1758 6
1757 1783 2
1758 1784 4
1758 1780 2
1758 1781 2
1758 1783 7
1759 1760 4
1759 1761 3
1759 1762 3
1759 1763 3
1759 1776 9
1759 1778 7
1760 1761 2
1760 1763 3
1760 1764 2
1761 1762 4
1762 1776 6
1763 1777 8
1763 1778 9
1763 1764 4
1763 1765 3
1764 1765 3
1764 1766 2
1765 1777 11
1765 1766 4
1765 1767 3
1766 1768 2
1766 1767 3
1767 1768 4
1767 1769 3
1768 1769 4
1768 1770 2
1769 1770 5
1769 1771 3
1770 1771 5
1770 1772 2
1771 1772 5
1771 1773 3
1772 1773 5
1772 1774 3
1773 1774 4
1774 1775 5
1776 1778 4
1777 1778 4
1779 1817 0
1779 1780 3
1780 1817 3
1780 1818 0
1780 1781 3
1781 1784 3
1781 1818 3
1781 1819 0
1782 1785 3
1782 1821 3
1782 1822 1
1782 1783 3
1783 1784 3
1783 1820 3
1783 1821 1
1784 1819 3
1784 1820 0
1785 1786 3
1785 1822 3
1785 1823 0
1786 1824 0
1786 1787 3
1786 1823 3
1787 1824 3
1787 1825 0
1787 1788 3
1788 1825 3
1788 1826 0
1788 1789 3
1789 1826 3
1789 1827 0
1789 1790 3
1790 1827 3
1790 1828 0
1790 1791 3
1791 1792 3
1791 1828 3
1791 1829 1
1792 1793 3
1792 1829 3
1792 1830 0
1793 1794 3
1793 1830 3
1793 1831 0
1794 1832 0
1794 1802 3
1794 1831 3
1795 1833 3
1795 1802 3
1795 1796 3
1795 1834 0
1796 1801 3
1796 1834 3
1796 1835 0
1797 1840 0
1797 1798 3
1797 1839 3
1798 1839 0
1798 1838 3
1798 1799 3
1799 1800 3
1799 1837 3
1799 1838 0
1800 1801 3
1800 1836 3
1800 1837 0
1801 1835 3
1801 1836 0
1802 1832 3
1802 1833 0
1803 1840 3
1803 1809 10
1803 1804 2
1804 1809 10
1805 1808 3
1805 1806 2
1805 1807 3
1806 1807 3
1807 1808 1
1808 1810 2
1810 1811 2
1811 1812 3
1812 1813 3
1813 1814 3
1814 1815 3
1815 1816 3
1816 1817 3
1817 1818 3
1818 1819 3
1819 1820 3
1820 1821 3
1821 1822 3
1822 1823 3
1823 1824 3
1824 1825 3
1825 1826 3
1826 1827 3
1827 1828 3
1828 1829 3
1829 1830 3
1830 1831 3
1831 1832 3
1832 1833 3
1833 1834 3
1834 1835 3
1835 1836 3
1836 1837 3
1837 1838 3
1838 1839 3
1839 1840 3
